35	3.67	3.77	1.63
28.5	3.35	3.77	3.9
35.5	2.87	2.86	5.07
29.75	12.19	2.17	2.59
27	2.12	0.83	1.64
36	5.61	2.28	2.68
38.5	4.33	5.7	2.38
35.25	2.49	1.41	2.83
35.75	7.05	4.42	8.08
36	7.04	2.12	4.02
23.75	5.49	2.05	5.31
37	5.05	2.36	1.41
39.5	2.18	2.05	6.13
36.5	2.29	1.89	2.45
31.5	7.23	5.07	3.54
33	5.72	0.83	9.74
30.4	2.33	2.06	3.31
37.5	4.97	4.74	3.03
41.33	0.94	4.09	7.76
38.5	0.5	2	1.5
38.5	0.5	2	1.5
36.15	3.74	4.17	6.12
36.15	3.74	4.17	6.12
32	2.74	3.68	2.16
41.25	3.77	1.79	1.5
38.5	0.5	3.28	1.12
36	3.67	2.18	2.38
40.75	6.38	6.61	5.52
28.5	1.12	4.09	5.12
25.25	3.63	4.92	1.89
39	3.54	3.27	2.38
29.25	5.67	5.83	1.22
25.67	4.19	2.05	3.5
39	3.54	2.59	1.79
30	0.71	2.92	4.06
24.5	3.57	3.35	6.3
38.25	5.8	2.55	2.74
37.5	1.5	1.25	1.63
35.33	1.7	1.41	3.56
40.25	3.63	5.31	5.67
33.75	6.53	4.15	4.55
31.75	1.3	5.17	8.26
36.75	3.34	2.17	3.84
40.5	1.5	3.11	2.45
37.75	1.09	3.49	2.35
41	2.74	4.92	3.56
34.5	6.18	3.4	7.08
28.67	1.7	1.25	0.5
36	6.36	4.06	1.09
41	2.55	6.24	3.34
37.5	1.5	3.83	3.24
39	4.9	0	3
35.67	6.13	6.18	4.11
23.25	8.7	4.15	6
38	5.2	3.11	5.26
38.67	1.89	1.25	2.49
35.33	1.7	0.47	1.41
37.5	1.5	1.09	5.31
34.25	5.07	0.87	4.09
32	3.24	5.63	6.3
31.5	6.87	3.3	3.3
40.75	2.68	4.99	1.41
36.5	2.5	0.43	4.3
37.67	1.25	2.18	1.25
39.25	6.61	0.43	3.08
29.67	2.05	1	1.7
25.75	3.27	2.86	7.23
35.75	5.21	1.79	0.71
33.75	1.3	6.42	3.7
34.25	2.38	6.12	8.14
40.25	5.45	2.68	3
28.75	4.09	3.77	3.42
26.25	6.14	6.06	5.21
40.5	2.69	4.11	1.41
36.75	2.28	4.49	5.2
35.67	4.03	4.12	1.89
36	9.82	2.12	3.9
32.75	2.05	3.67	2.28
22.33	4.11	0.47	2.87
36	4.74	2.68	4.92
38	1.22	2.5	3.11
36.5	0.5	2.17	1.22
37.75	5.49	2.74	3.77
36	6.75	3.27	4.97
29	2.74	3.11	5.36
39	6.71	3.28	2.35
39.25	2.86	1.63	3.3
35.5	4.15	1.09	4.24
41.33	1.25	2.12	8.18
28.33	5.79	3.09	4.15
28.5	5.41	2.17	3.57
30	5.79	1.92	3.35
38.75	3.49	1.79	4.33
35.25	1.3	4.64	1.3
37.75	4.38	5.7	2.05
33	8.15	0.94	4.3
25	4.24	4.71	3.74
31.25	10.11	3.96	4.27
34	2.92	3	0.5
29.67	2.87	7.3	2.83
34.5	4.5	2.49	4.32
28.8	1.94	1.22	2.64
25.33	3.68	4.82	4.5
38.25	7.08	4.66	3.03
36.75	3.9	3.5	1.92
35.75	3.83	3.68	2.62
32.67	8.34	3.27	2.55
37.5	3.64	3.42	8.22
24.75	5.67	4.56	3.7
29.5	7.79	1.48	4.26
39.75	3.27	3	4.78
37.75	1.09	1.79	2.86
37.75	3.7	4.39	1.79
33.5	8.41	4.92	2.36
27.75	3.34	2.06	3.76
34.5	6.18	3.56	3.68
42.5	3.35	1.79	1.87
40.33	0.94	1.22	0.94
39.33	0.94	2.28	5.5
38	8.12	0.87	3.5
31	2.83	2.49	3.7
27.25	6.94	5.72	3.03
37.75	8.81	3.34	2.45
37.75	2.77	1.12	1.5
36.5	2.29	4.03	1.48
36.25	6.91	1.7	1.64
27.25	5.36	5.07	2.36
27.75	2.49	2.55	4.82
39.75	5.36	2.83	0
35.5	1.5	2.95	2.45
36.75	2.49	1.89	2.49
41.5	5.68	3	5.89
30	2.45	4.15	3.56
27.33	3.77	3.27	4.02
30.5	7.89	2.05	2.12
35.5	1.5	1.5	5.5
36	0	4.6	5.07
39	4.12	3.7	2.59
36	7.65	3.63	4.42
27.5	2.29	2.55	8.47
34.75	7.15	4.87	0.82
40	2.55	3	2.16
36.5	2.29	3.57	7.79
38	1.63	2.86	3.09
40.75	6.34	1.22	4.5
27	4.24	3.3	4.53
31.75	5.36	3.56	2.77
40.25	3.03	1.5	0.83
39.75	1.3	2.6	2.12
36	4.64	3.35	2.36
39	4.24	3.49	4.97
30.25	2.17	2.6	2.55
28.75	4.97	2.92	5.12
38.5	3.28	4.32	2.35
37.5	1.12	1.25	7.87
37.5	4.5	2.49	3.03
37	7.07	2.87	4.99
29.5	3.57	5.15	1.58
23	4.55	1.41	2.16
37.5	6.18	2.17	2.17
36	4.24	2.16	1.48
33	2.12	2.12	2.24
36.5	6.06	3.94	3.86
34.5	6.54	3.67	2.06
27	3.54	5.1	5.49
32	5.87	5.32	2.45
37.75	1.3	4.76	5.07
33	4.74	2.05	4.03
40	3	5.83	2.74
37	1.41	2.86	6.6
23.33	1.7	4.09	0
31	2.83	4.55	3.2
39.25	1.79	1.79	0.43
36.75	4.49	3.7	2.35
35.75	1.64	4.09	3.04
30.25	8.41	1.25	1.5
25.75	2.49	2.59	3.68
36.33	3.09	4	5.66
37.33	1.89	0.82	1.48
36.67	3.3	2.6	0.82
35.33	3.86	2.77	2.49
38.25	3.9	2.49	3
25.5	2.69	4.99	3.08
32.75	2.17	3.24	1.87
39.75	1.3	4.66	3.7
35	1.41	4.97	3.35
36.5	2.87	4.72	5.41
39.25	5.21	1.92	3.9
26.75	4.09	4.44	1.79
28.25	4.6	5.76	3.91
35.75	2.77	4.58	2.12
35.75	0.43	4.82	4.42
40.25	2.77	1.7	4.99
34.67	4.5	4.49	3.3
24.4	5.16	4.95	2.8
28	2.83	2.92	2.62
38.75	3.9	3.77	5.61
33.5	3.5	4.06	4.82
38	1.41	0	3.77
37	4.06	2.49	4.55
27	2.12	8.73	1.79
37.25	3.49	1.12	3.56
41	3.24	6.44	3.35
35	4.18	0.5	3.57
30.5	10.64	8.04	0
30.25	7.92	1.25	6.13
29.25	3.9	7.43	1.3
30.5	10.78	3.91	3.7
40	4.18	2.38	2.12
36	2.12	1.5	1.25
37.25	3.7	2.05	3.27
28.75	8.67	2.24	2.29
25.5	2.5	1	2.62
29.4	6.95	4.07	2.59
40.75	4.76	2	3.54
32.25	0.83	2.87	4.18
35.75	3.49	7.07	2.45
36.4	7.26	4.44	1.72
26.5	5.02	2.6	3.27
32.75	3.7	1.5	1.89
36.75	4.44	5.58	4.5
32	1.22	5.76	3.27
36	0	2.95	3.68
37	5.1	3.27	2.87
28.67	1.25	3.77	1.73
28.25	2.38	3.2	0.71
39.67	5.31	6.18	5.96
38.5	1.5	2.29	2.77
37.5	3.35	5.61	2.05
31.33	9.88	2.68	1.41
26	5.24	5.8	3.2
31	10.46	1.73	2.6
41	3	3.96	4.11
38.75	1.79	3.08	3.86
36.25	3.19	2.74	1.3
35.75	6.61	4.92	6.14
25.25	1.92	2.62	2.36
32	9.09	2.16	1.79
37	0.82	2.49	3.63
37.25	1.3	0.47	3.35
40	0	4.15	4.5
35.33	3.3	4.82	0.5
25	1.41	4.5	4.03
27.75	6.87	4.71	2.12
33.25	3.83	1.87	6.12
29.67	1.7	5.41	6.02
33	3.94	2.17	5.94
31	6.6	4.15	2.49
27.25	1.92	2.29	1.41
37	5.05	6.04	4.06
37	5.74	4.44	1.5
32.75	3.63	1	2.24
33.75	8.58	2.83	2.45
36	6.36	4.06	5.36
24.33	2.87	2.16	7.12
37	5.34	1.87	0.5
39.33	2.49	6.16	3.49
35.4	2.8	6.76	2.77
37.33	1.25	0	1.3
36.25	4.02	2.74	3.94
26.75	2.49	4.06	3.27
31	3.74	5.63	5.1
41.75	1.79	2.28	1.8
36.5	4.33	2.87	3.35
36	2.12	3.83	3.86
38.75	2.77	3.2	7.43
25.5	5.02	4.76	2.06
29.75	2.95	6.46	5.54
38.5	1.66	0.82	1.25
36	2.45	4.44	2.36
39.5	1.5	2.55	6.38
32.75	5.63	6.55	1.48
22.75	1.3	1.79	3.56
28.5	14.5	3.5	2.77
33.75	2.49	4.76	3.04
32.5	4.15	2.16	1.79
37.5	3.57	1.41	6.3
32.5	7.4	3.27	5.7
28.25	4.76	3.67	1.92
28.75	5.07	3.34	4.44
34.75	1.79	6.8	0.94
33.75	4.02	3.74	1.7
35.75	4.09	1.5	2.95
40.5	3.35	1.7	2.05
27.5	3.35	2.05	5.61
24.67	1.7	2.16	5.1
37.67	5.25	5.79	1.22
41.25	3.27	3.42	2.12
36.25	3.9	4.26	2.17
37.33	3.09	5	2
33.25	7.76	1.5	2.95
29	1.41	1.41	0
31.4	6.34	4.12	5.01
40.5	3.35	2.12	2.86
36.75	2.86	3.77	2.05
36.25	5.63	2.29	2.49
40.25	6.61	1.5	3.67
30.5	3.77	3.67	3.28
27	5.39	1.7	2.45
41.5	4.27	3.74	1.64
37.67	1.25	1.66	2.36
35.25	1.3	5.17	2.18
43.5	1.5	5.5	4.5
27.33	4.64	4.11	1.3
19.33	1.89	4.55	2.06
35.25	6.5	6.96	4.26
38.25	3.9	3.96	2.86
33	3.67	4.44	3.2
41.5	1.12	4.49	1.22
29.5	1.8	0.5	1.41
22	8.51	3.49	1.94
34	6.71	4.32	1.3
36.5	3.57	4.06	1.3
35.25	1.3	5.1	3.4
36.25	7.26	4.32	3.67
34.67	9.46	7.63	6.85
22	2.35	4.66	6.22
28.5	1.66	5.7	4.3
42	2.45	1.7	0.43
37.75	1.3	5.85	6.68
36.5	2.87	3.27	4.49
38.25	6.83	5.39	4.61
29.5	3.91	1.3	1.5
32	6.2	3.35	2.29
41.75	2.49	1.64	3.77
39.5	2.87	4	2.12
39	2.45	0	6.94
40	5.87	4.5	4.19
32	4.06	1.73	2.49
30.25	3.27	3.35	4.9
42.75	4.6	3.67	5.05
37.25	1.3	1.5	8.58
36	2.45	2.55	3.3
42	3	2.17	1.5
31.33	2.36	3.09	2.06
26.25	3.11	3.94	4.27
37.5	5.41	4.44	3.56
38	3.24	3.27	7.26
34	2.74	2.83	1.89
41.33	2.49	0	1
33	2.12	1.41	2.16
26	5.35	3.35	2.45
34	7.65	2.69	5.61
35.5	5.36	2.86	7.43
31.67	1.25	4.55	4.15
38.67	0.47	1.25	3.4
36.75	5.36	2.29	4.26
25.25	2.28	2.94	3.3
34.75	9.23	2.69	2.59
39.5	3.28	5.79	0.82
35	2.92	1.79	0.83
33.75	7.98	4.12	3.07
37	9.46	6.13	2.6
32.75	3.27	3.27	1.22
27.5	6.54	1.79	2.6
41	4.53	1.7	2.45
38	3	3.7	5.12
36.5	2.29	5.02	5.05
37.25	7.46	1.3	2.12
26.75	3.9	1.63	1.7
28.5	2.6	2.59	3.56
41.33	3.86	2.38	2.16
32	2.83	4	3.9
33.75	4.49	2.24	2.69
35.25	3.96	3.2	4.71
26	1.41	1.41	2.12
25.75	2.17	3.9	2.87
34.25	5.07	2.17	3.67
36.75	4.92	3.35	0.5
32.5	2.29	4.72	5.34
36.25	6.14	2.5	3.27
34.25	7.4	3.74	0.94
28	4.06	1.48	2.95
28	2.74	6.18	3.7
37.25	1.3	0.47	3.77
30.75	1.3	6.34	0.87
34.25	4.76	1.87	3.56
40	5.1	0.43	4.92
31.25	1.3	1	2.87
29.25	2.49	3.42	2.45
40.5	4.56	4.64	6.44
39.25	2.17	1.41	3.35
33.75	5.36	2.49	1.3
39.25	2.17	3.77	2.6
41	4.32	1.89	1.25
26.5	3.28	1.3	3.63
28	4.74	1.3	1.73
41	5	3	4.92
35.25	2.49	2.5	2.35
35.5	3.2	4.03	1.3
36.5	8.5	1.5	8.5
34.2	7.96	5.44	2.77
33	3.67	3.84	3.27
38	2.83	5.61	2.87
41.67	0.47	4.19	1.92
38	2.83	6.68	4.44
39.5	3.77	8.86	6.65
36	8.34	3.03	3
30	5.2	2.05	4.58
35	7.65	0.82	4.42
35.75	6.02	3.27	2.06
30.75	5.12	4.74	2.29
39.5	3.35	1.3	1.92
33.5	4.97	1.73	5.2
25.25	4.71	5.25	3.86
35	7.11	6.3	3.32
38	4.06	4.85	1.5
35.25	1.3	4.97	1.92
37.67	3.4	1.64	1.7
36.75	6.06	4.12	2.12
28	3.56	1.87	7.07
31.25	4.02	3.91	2.95
40.25	4.02	0.87	3.54
36	0.82	5.72	3.9
35.75	2.49	3.35	8.34
39.25	7.85	3.32	5.79
26.75	4.92	2.28	4.5
27.25	3.27	6.26	4.26
35.5	4.15	2.77	3.9
36.75	1.3	2.62	6.61
35.5	1.5	4.5	1.89
34.33	4.19	1.66	3.4
32.25	2.86	2.29	3.27
27.5	3.04	2.49	5.07
39.75	4.44	5.15	4.32
40.33	1.25	1.25	3.34
37.25	2.86	1.5	3.67
36.75	1.3	5.07	2.49
30	3	8.18	7.72
27.5	3.64	3.9	5.15
35	6.12	4.26	2.49
37.5	4.5	2.83	2.06
34	1.73	1.79	2.69
37.25	5.07	2.29	0.43
34.75	7.15	5.4	3.81
25.33	3.4	2.49	1.58
35	5.74	4.72	2.74
38.33	6.94	2.45	2
28	3.56	6.75	2.45
30.25	6.02	1.92	5.4
38	5.1	0	1.48
23.25	9.28	5.24	5.07
27.33	6.94	1.25	2.49
36	2.45	2.36	1.3
33.5	3.57	1.3	4.39
33.5	4.5	2.68	1.41
39	4.74	0.94	2.74
19.5	8.9	2.55	8.86
26.5	7.4	5.07	3.54
40	6.44	8.26	6.61
38	0.71	4.64	0.82
37.5	1.5	6.02	4.6
42.33	2.87	4.39	3.3
30.25	2.05	5.43	3.67
26.25	9.68	2.36	2.45
34.25	8.58	2.28	3.96
39.67	2.62	1.63	3.11
35.75	1.79	2.77	5.07
35.75	4.44	3.49	5.25
42.25	4.92	3.74	1.7
32.75	3.7	3.94	4.85
26.5	2.6	1.3	1.5
40.67	6.18	4.32	6.02
36.75	1.3	2.92	5.07
36.25	3.63	3.9	1.7
42.33	3.3	2.49	6.61
29.67	3.4	1.25	2.96
27.5	1.66	6.5	3
30.5	2.6	3.9	4.36
36.75	0.83	2.55	5.36
34.25	2.38	1.3	6.69
38.75	3.42	2.69	4.5
33.5	7.26	3.64	2.35
28.25	4.26	2.05	2.86
27	6.4	5.05	1.79
35.5	4.27	4.78	1.41
30.75	2.49	4.15	1.41
36	2.94	1.3	3.09
37.4	6.15	5.31	4.32
34.67	1.25	1.87	6.02
24.5	4.77	4.5	2.38
40	5.24	2.86	4.32
40	2.83	1.41	4.71
37.75	0.83	5.15	7.12
36.5	5.36	2.17	4.27
31.25	9.88	3.27	4.03
28	2.74	1.92	3.08
36.25	6.02	4.26	5.97
39	3.67	3.11	8.46
37	1.41	2.94	1.5
38.6	1.96	2.49	4.41
35.5	7.09	0.87	4.66
24.5	4.97	3.42	1.87
30.25	8.14	4.44	3
39.5	3.35	6.53	1.79
35.33	3.3	1.7	2.05
40.5	3.2	3.11	2.92
35	7.65	2	2.17
28	2.94	1.73	4.03
28.25	5.21	4.02	1.22
40	4.24	1.79	1.64
36.25	0.43	4.32	6.8
33.67	3.86	4.64	1.12
37.5	11.08	3.96	7.3
26.5	2.87	1.3	5.24
25.33	4.19	0.47	4.76
39.25	5.07	5.59	2.74
34.75	2.17	3.34	3.9
33	3	2.92	8.15
34.5	1.5	1.5	1.5
31.5	6.99	2.28	2.12
28.5	2.96	2.06	1.5
34.33	8.06	5.45	2.05
36.25	2.17	4.71	1.5
37	3.27	2.49	1.89
34.33	6.85	0.82	3.83
25.5	3.2	3.19	2.49
24	6.96	2.38	6.02
37	3.74	4.78	1.09
40	0.82	2.36	7.6
37.75	3.49	0.43	3.96
40.75	3.7	4.21	2.87
33.75	10.28	2.59	2.59
27.75	7.85	3.27	6.87
34	5.61	6.82	6.68
39.25	1.79	2.68	0.87
36	4.74	1.63	1.7
38.5	4.77	1.5	2.05
34.67	1.89	4.38	1.7
23.67	4.11	5.44	3.67
37.2	6.49	4.31	7.3
36.67	4.71	4.11	2.68
34.5	2.06	5.41	2.5
38.75	3.7	2.68	2.17
35.75	7.15	5.79	4.08
28	1.22	5.2	4.56
32.25	8.84	1.79	1.87
39.75	6.42	1.41	2.17
33.75	1.3	2.74	1.92
38.75	2.17	2.45	7.26
32.75	7.12	0	1.58
31.5	2.06	2.29	7.23
30.75	3.27	5.8	2.06
39	3.32	3.11	3.08
36.5	2.29	3.19	4.55
36.5	2.29	4.5	4.5
34.33	5.56	4.27	3.3
29	0.82	3.39	1.41
27	11.64	0.94	3.39
42.25	1.79	1.58	3.27
32.33	4.03	1.5	3.27
37.67	3.3	6.94	2.05
41	3.24	3.91	1.3
29	7.26	3.91	4.03
29.5	1.5	3.16	2.83
31.25	12.32	1.73	2.29
40.5	5.68	6.87	2.49
35.5	6.5	8.15	2.38
34.67	7.59	4.32	1.25
34.5	7.3	2.49	1.25
30	2.16	3.35	6
23	6.16	0	3.39
32	9.41	6.22	5.12
33.5	2.06	4.44	2.18
33	1.87	1.5	4.5
37.25	5.21	1.48	1.92
34.25	7.01	3.2	4.82
23.25	8.17	4.6	2.49
34.75	8.93	5.96	2.92
37.75	6.1	2.5	2.86
33	2.12	9.06	3.3
37	3.39	0.71	3.56
32.5	8.02	2.55	1.87
26	4.74	2.45	3.27
33	5.61	5.24	3.67
39.75	3.77	1.12	3.42
34.5	2.6	3	3.27
39	3.94	0.82	4.97
36.5	5.77	1.09	1.89
26.33	3.3	2.49	1.5
26.67	4.71	3	3.74
33.5	7.3	7.15	1.3
36.33	0.47	5.1	3.67
34.5	4.5	6.26	6.96
33	9.82	3.77	5.12
36.25	6.02	1.3	2.05
28.75	1.09	7.79	1.64
39.25	2.59	5.21	3.84
40	1.41	0.83	1.41
36.75	3.27	1.58	6.04
36	8.6	1.41	2.83
36.67	5.91	3.2	4.5
24.75	6.14	1.92	4.97
37	1.41	2.36	3.08
39	2.74	3.63	3.91
37.25	2.49	4.24	4.44
36.25	4.55	1.25	4.55
33.75	7.76	2.49	5.1
27.67	2.87	3.11	4.19
29.33	7.41	2.16	3.7
38.5	6.69	4.06	2.49
33.75	2.28	2.12	1.5
36	4.74	3.67	4.12
39.5	3.77	1.73	3.64
28.5	1.8	3.42	6.54
29.5	5.41	4.5	6.6
34.5	4.5	3.32	2.49
31.75	4.76	2.94	2.69
37.5	6.34	1.12	4.02
30.75	9.81	0	4.03
29.67	1.25	2.12	4.92
18.67	6.24	1.7	1.22
34	2.12	4.78	4.38
31.75	5.07	3.56	4.97
31.75	4.82	1.3	4.82
43	7.04	5.35	2.49
29.5	1.5	2.87	6.18
28.25	4.76	2.69	1.48
36.5	2.29	4.03	3.56
34	3.74	2.45	2.83
31.6	2.33	5.36	1.83
35	5.43	5.19	7.12
26.67	2.05	3.34	3.4
24.67	4.11	0.5	4.11
39.75	3.77	7.08	1.8
35.33	3.3	4.55	2.17
32.75	2.38	3.74	2.16
33.5	8.73	3.3	2.5
26.67	11.67	2.94	4.5
25.4	2.8	3.42	5.98
34.5	6.18	3	3.5
36.25	2.17	3.35	2.28
35.25	5.26	2.87	6
40	6.6	2.49	4.97
28.25	0.83	1.22	2.86
30.33	2.49	4.99	7
40	2.45	5.34	2.8
24.33	3.3	3.61	4.5
32.5	0.5	2.87	4.03
35.75	5.72	3.7	3.2
30	8.92	2.17	3.35
26	3.08	3.84	3.77
36.75	4.44	2.62	1.5
33	4.95	4.56	2.59
31.75	5.07	2.86	2.29
36.75	4.92	2.28	4.5
34.5	5.02	1.09	3.57
26	3.24	3.08	1.79
40.75	3.7	4.97	2.83
36.25	0.43	3.7	2.62
35	2.92	3.09	0
33.75	8.26	1.92	6.94
31	1.41	5.1	0.82
26	3.67	3.24	1.92
41	4.06	3.84	5.31
37.5	0.5	4.5	3.9
37.8	3.06	3.2	2.95
42.33	2.49	0.47	4.12
33.5	3.84	2.49	2.12
25.5	5.5	9.1	2.86
33	7.18	4.66	7.08
36.75	1.3	3.4	1.25
38	2.16	2.68	0.82
39	4.24	2.62	2.12
33.5	13.05	1.3	4.74
21.75	6.02	3.34	1.5
31.5	6.1	4.74	2.28
38	1.22	2.49	0.5
34.5	3.35	3.34	3.35
36.25	6.38	1.25	2.35
33.25	5.67	4.18	5.68
21.5	5.5	3	5.8
33	4.74	2.29	0.43
34.5	3.2	1.41	1.41
36.25	2.17	4.53	0.71
41.67	6.18	5.45	2.62
32	3.74	3.63	2.49
24.33	2.87	4.71	4.97
38.5	1.66	4.44	2.16
36.33	7.32	4.5	2.96
37.67	2.36	3.4	3.9
35.75	6.83	1.48	3.08
29.5	4.5	5.39	1.22
27.25	4.92	7.7	3
43	3.81	0.82	2.62
37.5	1.66	4.53	3.9
37.75	1.79	5.61	6.16
36	6.48	3.04	2.87
31	3.81	1.5	3.7
22.5	1.5	1.63	1.66
36.75	4.49	2.86	1.41
35	2.74	3.67	6.14
35.25	2.49	0.87	3.27
39.25	7.29	4.58	2.17
26.25	6.61	2	2.06
31.5	4.5	4.87	3.24
37.75	2.49	2.36	2.83
35.67	2.05	8.19	0.82
37	4.06	6.38	3.64
41.75	4.44	2.12	3.27
23	3.74	2.49	2.87
27.75	4.92	1.5	3.3
40.75	4.26	1.92	0.87
26.75	5.63	2.74	3.49
35	7.81	5.26	4.03
35.5	5.94	2.92	2.95
30.5	2.18	4.44	0.43
38	2.45	4	0.87
35.25	2.49	3	3.7
32.75	2.17	5.02	8.38
41	3.24	6.16	5.31
30.75	7.5	5.73	7.12
26.67	4.03	3	2.49
38.75	4.6	2.45	2.95
38.25	3.9	2.5	5.55
32.75	2.17	4.42	2.12
45	2.45	5.2	0
31	1.41	7	4.26
25.25	2.95	1.41	0.43
39	2.45	5.31	4.02
36	5.2	6.5	1.79
29	7.45	2.95	3.04
37.5	3.84	4.99	3.64
27	3.67	4.71	4.44
30.25	3.96	1.5	3.11
41	5	5.44	2.12
33.75	1.3	1.92	3.57
34.25	4.32	3.3	8.18
39.33	6.65	5.36	6.09
24.25	3.49	6.68	0.94
32.75	3.27	4.64	8.65
38.33	2.05	5.12	1.7
31.75	2.17	3.49	2.17
39.33	2.05	1.89	4.92
33.75	6.83	1.41	5.74
26	2.45	4.66	2.74
34.25	5.45	2.45	7.26
34.5	5.55	6.18	1.64
31.5	3.2	2.35	4.92
42	3.08	1.79	2.06
35.67	8.01	1.5	2.95
29.75	2.17	3.34	3.67
32.5	7.43	1.7	5.61
33.67	3.3	3.3	3.11
34.75	3.7	3.09	5.1
34	8.09	3.11	4.69
32.5	4.92	1.87	4.18
30	0	3.27	3.4
31	5.25	5.31	3.27
36.67	4.03	1.7	3.34
32.5	3.77	2.05	1.8
36.75	6.06	1.12	4.5
35	5.87	2.05	1.87
29.5	2.29	0.83	7.32
37.5	5.72	2.5	3.09
36	0	4.99	3.27
36	2.45	2.86	0.94
40.25	4.26	4.92	2.77
29	2.83	0	4.02
26.75	1.79	0.82	3.3
33.25	3.49	3.63	3.7
34.25	7.4	2.29	0.5
30	3.67	4.11	6.04
41.25	3.27	3.5	5.93
28.75	11.28	2.74	1.79
27	1.87	0.47	0.94
32.25	5.76	3.9	2.38
38.25	4.44	6.04	4.53
34.25	1.79	3.27	5.8
40.67	3.68	2.87	2.24
34	5.89	3.54	4.19
27.5	1.66	2.29	5.54
28	6.16	0.82	1.22
38.5	4.92	2.12	2.49
30	4.42	2.36	1.79
36.75	8.04	3.57	4.44
35	6.38	1.63	1.3
24.25	6.61	9	2.16
31	4.74	1.25	2.16
39	4.24	4	1.3
34	2.83	1.25	2.5
34	5.1	3.11	0.47
40.75	4.76	1.7	4.44
29.25	1.48	6.26	2.96
33.33	4.03	2	6.82
38.25	5.36	2.55	3.49
31	3.74	5.02	8.96
35.25	3.9	2.55	5.2
34	11.58	5.66	1.7
24.75	2.49	2.95	2.87
31.25	4.76	2.17	4.09
41	3.74	2.49	1.79
32.75	2.17	2.68	6.02
32.25	5.36	2.29	5.91
30.75	4.44	2.45	6.34
26.75	2.49	2.83	1.22
25.25	10.06	2.17	3.74
38.67	2.05	6.14	3.68
33	5.1	6.42	2.68
33.75	3.9	3.24	3.91
33.5	5.5	4.24	2.5
30.75	3.27	1.7	2.24
28.5	5.02	3.03	3.27
40.75	3.49	5.05	1.66
34.25	2.17	1.3	1.22
36.5	2.69	0.94	5.12
36.25	6.94	3.34	3.56
29.5	7.37	1.25	0.47
29.67	6.02	3.03	2.05
41.33	2.49	2.87	3.9
36	0	2.68	5.31
34.5	5.02	2.28	2.55
35.25	5.76	2.38	5.72
26.25	1.48	1.8	3.42
12.5	9.34	2.12	1.5
35	3.56	3	3.5
33.33	2.05	3.94	4.24
37.5	1.5	2.86	5.5
36.75	8.32	3.77	2.87
32	2.74	2.12	2.38
25.75	2.49	3.64	4.15
38.5	5.55	3.77	2.18
34	4.53	2.87	0.83
37.5	1.5	2.12	2
37.5	9.55	2.29	3.27
30.75	3.27	1.22	3.9
26.25	3.96	1.12	2.12
41	3.74	4.71	1.3
36.33	0.47	2.36	2.87
35.75	3.63	2.92	1.3
35.25	7.08	4.15	2.49
31.25	5.89	1.3	1.79
25.75	6.5	2.86	4.5
41	3.74	5.5	3.39
35.4	5.95	4.6	3.2
36.75	3.27	2.55	4.44
34.67	9.46	3.56	0.87
34	7.35	3.77	4.15
24.5	1.8	2.86	1
35.25	2.59	2.16	2.36
36	3.54	4.5	2.87
33.25	3.9	4.69	2.29
38	7.04	3.35	0
27.25	1.79	2.05	2.36
25.75	9.73	4.15	1.3
35.25	3.11	2.74	4.5
32	1.22	3.09	2.86
37	0.82	1.48	3.3
40	5.61	0.43	6.34
28	7.07	3	2.12
28.33	6.13	1.41	2.69
37.5	3.35	3.77	3.35
30.75	3.27	2.6	5.07
36	7.48	3.67	2.55
32	8.72	3.91	5.41
21.5	8.05	2.87	1.89
33.33	3.4	1.48	1.79
35.75	2.49	3.7	2.12
32.25	2.49	4.19	2.94
34.5	8.08	5.68	2.86
28.75	12.85	4.99	8.17
21.33	4.5	2.12	1.7
37	5.34	3.11	3.91
33.67	3.3	2.49	2.49
30	2.45	2.62	0.87
39.25	3.42	2.29	7.73
35.75	8.14	2.62	2.59
21.5	5.41	2.96	1.79
36.5	5.5	2.45	3.61
30.5	7.76	1.66	0.43
33.25	3.77	3.96	3.11
39	4.95	2.83	4.78
30.5	3.35	6.1	1.22
21	6.98	4.33	0
40.25	4.26	4.32	1.8
34.33	3.09	1.7	8.75
33.5	3.57	1.41	3.64
34.75	4.76	4.92	5.45
29.75	2.86	5.76	1.09
27.25	4.02	3.77	4.36
40.5	2.69	4.77	4.09
30.5	3.2	4.9	2.49
31.75	4.82	4.33	2.83
39	7.65	1.7	6.18
25	1.41	1.12	2.45
30.5	6.42	4.97	3.57
35	5.35	3.4	1.79
35.5	2.87	2.49	2.59
31.5	3.35	4.15	1.79
36.25	7.46	6.22	6.38
24	8.51	1.3	6.6
33	3.67	2.49	1.87
41.75	4.44	6.94	4.71
31	4.24	4.15	4.11
37	4.58	3.67	4.66
31.67	5.25	2.06	4.11
28.75	1.79	3.11	3.08
31	5	5.76	0
36	4.24	4.09	2.6
29.25	7.29	1.3	3.54
36	4.24	3.94	3
39.67	4.99	3.86	2.69
28.5	4.03	1.92	3.56
31.25	5.02	3.2	6.26
38.25	4.66	5.31	3.49
36.75	1.3	2.49	4.44
41	1	0.5	1.5
33.5	6.55	3.01	2.73
33	4.24	5.55	4.55
38	4.42	1.64	1.66
32.75	0.43	2.6	3.74
29.5	0.5	2.36	2.59
40.33	3.4	0.47	6.48
34.5	6.22	3.28	5.12
26.5	1.5	7.4	2.86
33.25	3.83	2.36	2.83
32.33	3.3	4.78	4
34	3.67	6.69	3.49
35	7.07	6.48	3.83
36	5.61	3.9	3.39
27.5	6.38	1.5	5.19
32.75	6.02	6.57	1.3
33.5	2.06	2.12	1.3
35	2.74	4.97	5.49
36.75	3.27	3.54	0.47
28	4.85	5.89	2.45
28.75	6.26	3.34	1.41
36.75	8.61	3.27	1.41
38.67	1.25	3.9	2.83
37.25	3.27	2.49	1.41
35.5	7.26	4.87	3.56
26.33	1.7	3.09	1.3
31.5	4.97	3.57	3.46
43.25	3.03	4.72	5.45
34.75	4.76	4.21	4.64
34.25	3.03	6.53	3.2
34	4.06	3.5	2.49
27	5.1	4.24	2.05
35.25	7.15	5.1	1.22
38	5.1	3.16	5.35
34.33	2.36	2.87	3.63
32.75	3.27	5.35	2.77
32	5.74	1.92	1.7
29	2.74	2.6	1.79
35.25	6.14	1.22	1.89
39.75	1.3	4.03	3.19
32.5	3.77	4.26	6.8
37.5	6.8	2.69	4.82
30.25	6.61	3	4.78
28.5	4.5	6.5	2.29
36.5	4.61	3.77	6.26
31.67	4.11	5.5	2.92
33	4.12	3.91	5.92
33.25	6.5	3.74	2.5
24.25	4.71	5.93	7.95
27.75	5.76	1.3	2.49
38.25	5.12	2.17	6.36
34	2.83	5.39	4.97
29	5.72	6.6	5.44
38.67	5.79	1.41	3.34
24.75	5.76	3.03	1.48
36.25	7.26	3.67	2.86
37	3.94	1.3	1.64
33.75	3.27	4.5	2.12
34.25	5.21	1.22	4.15
26.5	3.2	4.78	3.27
28.75	5.45	3.86	2.49
41.33	2.87	2.29	7.79
29.33	0.94	0.82	6.82
31.5	5.94	3.56	1.41
36.25	10.69	1.3	3
26.5	5.89	2.35	3.96
32.75	6.06	7.3	3.27
39.25	5.63	3.27	2.77
31.75	5.31	3.9	4.6
33.5	4.5	2.74	4.32
33	5.61	0.47	5.19
33	3	4.9	3.27
33.25	6.91	2.95	1.79
34.5	3.35	1.25	1.09
34.5	4.5	8.46	3.34
34.33	4.19	1.79	3.27
39.33	8.81	0.47	1.64
27.5	1.5	2.49	6.96
30.5	6.98	0.71	2.77
41	3.67	3.35	4.58
26.5	8.26	1.3	2.18
34.25	7.95	1.63	3.3
35	5.87	1.66	2.28
30.5	1.5	3.63	0.71
39	5.72	4.6	6.38
34	9.25	2.17	2.29
30	4.74	5.17	3.7
39.67	2.62	2.49	2.5
33.75	7.5	3.96	4.06
30	1.87	6.68	0.83
37.25	7.15	1.92	2.12
35.5	3.91	5.21	2.05
32.75	2.68	2.16	2.62
36.25	2.17	1.5	2.49
28.33	3.4	1.7	0.5
22	2.55	4.66	3.27
38	1.63	1.7	1.66
34.25	2.17	3.27	6.5
36	2.12	4.19	2.86
35.5	7.4	0.94	1.64
25.5	6.18	0.87	1.89
28.5	6.54	4.06	2.29
31.75	7.01	4.6	4.32
28.25	5.31	4.76	2.87
33.25	6.14	3.96	2.05
34.25	9.96	1.89	5.91
20.5	5.02	1.58	2.86
36.75	5.54	2.74	5.21
38.67	1.25	4.55	3.3
39.5	2.6	0.94	3.03
32.33	8.06	5.31	2.62
34	4.64	2.29	6.5
28	4.18	4	5.97
38	4.06	5.85	6.5
31.25	2.77	4.3	4.99
32	5.7	1.41	5.89
37.75	9.47	4.64	1.79
32.33	2.62	0.43	1.89
31	4.08	7.41	1.7
33.5	2.18	2.5	2.45
35.75	2.17	4.09	6.38
34.25	3.49	6.56	1.41
40.33	5.25	4.5	3.86
23.5	4.15	3.08	1.48
32.5	5.68	4.72	6.42
36	5.61	4.76	2.28
38	2.12	1.7	2
34.5	10.5	2.5	4.55
36	6.75	1.87	5.45
26.25	3.9	3.2	7.09
38.25	3.9	1.25	0
36	2.12	1.7	4.5
34	1.73	2.69	0
40	3.56	2.49	2.36
28.75	5.89	1.41	2.5
30	2.45	1.7	0.83
36.5	9.07	2.49	1.5
33.75	1.3	3.67	2.59
37	1.22	1.22	1.79
39	3.56	3.09	0.5
24.5	8.44	3.3	3.83
30.25	7.66	2.74	4.97
37.5	1.5	3.96	2.5
30	0.82	3.03	1.25
36	5.52	1.48	2.55
41.33	8.06	2.45	1.5
25.25	4.71	1.79	2.12
29.75	4.71	5.17	3.24
42.25	2.38	3.4	2.28
34.5	1.5	3.67	3.11
40	1.73	2.69	4.15
35.5	4.5	2.12	5.93
26.75	10.47	3.63	4.92
33	6.4	3.2	2.49
36.75	2.49	3.27	3.35
35.25	2.49	2.05	2.62
41.5	2.29	1.3	4.82
30	3.94	2.49	3.74
27.5	2.87	3.27	3.56
30	12	2.05	8.99
38.5	4.86	1.83	1.74
30	2.45	3.94	2.05
43.33	3.4	2.18	5.19
27.67	4.03	2.62	2.38
25.2	6.01	3.12	2.28
41.33	3.3	0.94	4.85
37.25	4.09	5.91	3.27
32	4.9	4.21	3.64
37	6	0	5.15
29	1.87	3.03	3.63
28.5	4.5	1.87	3.49
40	4.42	4.97	3.9
31.5	2.6	2.17	3.49
33.75	2.86	1.7	3.68
28.75	2.05	2.05	2
24.75	3.11	2.96	2.92
35.5	6.42	1.8	2.28
38.25	5.31	2.77	1.58
30.5	4.82	3.77	4.15
33.25	4.15	3.57	4.66
29.33	2.87	2.77	3.09
24.67	3.86	1.7	4.21
38.25	3.96	5.89	4.09
35.75	1.79	6.28	3.11
37.25	1.3	6.76	3.9
34.75	5.07	5.32	2.06
26.75	5.45	1.79	3.08
24.75	4.15	2.77	1.3
39	7.11	3.9	1.5
37.5	2.6	2.87	1.89
33	5.48	1.12	4.44
39.33	6.02	2.29	4.08
28.33	2.62	2.38	2.49
31	4.08	2.05	5.63
41.5	4.15	4.09	4.9
32.75	5.31	3.67	4.27
32	7.04	2.28	5.89
31.75	6.61	2.38	4.21
20.5	2.18	2.49	1.7
34.5	7.92	3.7	2.77
39.75	5.36	4.21	1.79
34.25	4.02	4.32	5.54
37	4.74	3.3	6.16
36.5	6.42	4.74	2.24
28.5	5.17	7.36	2.94
33.75	4.44	3.77	3.24
36.33	0.47	4.03	4.55
37.67	1.7	8.52	4.5
36.75	8.32	3.9	2.77
37	0	3.5	4.15
18.33	8.38	2.45	4.18
34.5	7.7	4.58	6.02
36	3.54	4.56	5.72
35.5	7.83	3.63	3.27
36.5	5.12	6.22	2.49
25	7.65	8.5	3.54
29.75	11.54	2.49	2.74
40	4	2.62	4.26
32.5	2.29	1.12	2.29
36	3	0	3
36	3	0	3
33	7.63	4.83	4.3
33	7.63	4.83	4.3
37.75	4.44	6.94	2.83
34.25	3.49	0.71	1.92
45.33	2.49	2.12	5.56
25	12.53	1.12	4.97
26.5	4.09	1.5	4.74
41	2.83	1.7	4.15
37.5	3.64	4.32	2.95
34.5	3.2	1.92	3.27
36.25	6.38	2.74	5.19
29.25	4.44	0.82	3.77
29.5	1.8	7.12	2.86
38.75	5.49	3.28	3.24
34.75	3.03	2.77	1.12
36	0	3.68	1.7
38.25	7.46	3.74	0.94
29	3.67	4.26	3.9
30.33	8.26	1.25	1.41
41.25	6.5	1.7	0.47
29.33	3.86	3.56	2.5
31.5	4.72	0	4.44
35.5	5.85	0.43	2.74
30.33	2.49	8.5	3.27
33.5	5.41	2.83	4.44
34	3.67	3.3	5.02
31.25	2.49	3.9	6.36
36.5	2.29	2.77	3.27
36.25	5.72	2.5	3.77
29	5.34	1.8	2.69
35.75	9.18	2.5	2.49
34.75	2.17	4.66	2.05
33.5	2.69	3.77	3.68
38.5	6.54	2.55	3.27
27.25	3.83	1.5	2.59
26	6.18	3.74	2.45
40.67	3.68	5.05	1.7
33	0	1.58	3.39
36	2.45	4.08	6.65
38.75	6.8	3.94	4.85
25.75	5.72	3.86	1.5
33	3.67	4.02	2.28
40.75	5.07	5.36	2.86
34.75	3.42	5.39	2.86
36.25	7.36	4.06	1.22
43.67	3.3	1.22	2.49
29	4.42	1.7	3.35
20	6.75	2.55	1.3
37	3.67	0.47	2.49
38.25	0.43	2.69	3.68
38.5	3.91	1.25	3.08
37.75	5.07	2.49	3.27
39.75	8.04	2.95	2.24
33	3	0.71	2.29
15	7.48	1	2.83
26.75	3.9	2.12	2.87
40.75	4.49	4.21	2.38
37	0	4.9	4.5
36.75	0.83	1	3.03
33.67	3.86	2.49	2.49
42.75	2.28	2.29	2.95
35.25	4.44	1.89	4.87
31.5	1.66	7.92	2.59
29.5	1.5	3.7	3
35.5	4.15	1.41	3.56
40.33	4.19	6.02	1.41
38.25	0.83	3.49	2.29
33.25	6.5	1.63	6.18
43.25	2.59	3.74	1.41
35.75	7.26	3	3.56
29	6.36	1.7	3.83
21	2.12	4.74	0.5
32.75	6.38	6.04	2.74
42	2.45	5.59	2.5
36	0	1.87	2.6
27.75	2.49	3.91	2.12
32	4.97	6	3.2
39.5	3.35	4.5	4.55
35	6.48	1.64	3.74
27.75	0.83	0.71	4.02
21.5	5.55	2.77	4.27
28.75	4.66	3.09	1.12
42.25	3.27	0.83	0.87
33.5	2.87	3.7	1
32.33	0.94	4.19	4
35	4.06	1.87	2
44.25	2.49	1.48	1.92
37	1.41	1.41	3.74
31	1.22	2.05	1.5
28.75	2.77	6.76	2.24
28.5	5.41	0.71	2.77
38.25	0.83	2.5	3.77
34	2.92	4.3	3.77
34	1.41	3.27	0.82
34	1.73	5.2	4.12
42.33	2.05	1.7	2.55
31.75	8.1	4.15	4.58
36	0	1.89	3
32	1.41	2.94	2.81
32.25	6.53	4.74	3.5
39.5	3.35	3.2	2.95
30	4.64	1.5	4.39
28.75	3.27	2.87	2.45
36	2.45	3.39	1.25
39.5	1.5	4.5	1.5
35.75	7.63	1.22	2.28
30.75	4.44	2.49	1.5
27.5	7.3	5.61	4.33
37.25	2.49	4.92	2.35
41.25	3.27	3.39	4.09
35	4.06	5.1	2.49
29.75	5.63	4.03	1.9
30	1.87	1.64	4.44
39.25	3.42	3.74	2.05
31.25	10.66	1.3	5.21
32	1.22	2.18	2.23
30.33	0.47	1.41	2.36
26.33	5.44	2.87	0.94
39	3.67	8.23	3.56
37.33	6.6	2.16	0.43
36.5	3.91	8.58	1.48
34.33	2.36	2.16	4.3
41	2.92	4	7.59
41	5.24	4.21	1.79
31.5	2.6	1.3	6.69
24	3.94	2.86	4.24
28.5	3.35	2.36	2.62
41.5	5.55	1.3	0.87
39.33	0.47	4.3	3
31.33	0.47	2.83	1.12
33.25	5.12	2.05	3.27
41	6.6	3.63	4.97
35	8.22	1.22	2.49
30.5	3.91	7.56	1.09
37.5	2.6	3.4	1.87
41.5	4.15	4.55	1.5
40	3.67	1.25	0.94
30.25	3.63	3.35	1.22
30.5	2.87	3.03	2.36
36.33	2.49	1.22	5.72
44	3.67	1.41	3.81
27.75	4.44	3.34	4.44
31	1.41	3.68	5.72
32.25	4.44	1.5	0.83
36	5.61	4.92	2.18
38.25	6.18	1	4.9
28.75	3.03	2.6	2.17
33.75	1.3	3	1.12
42.75	3.56	1.3	1.12
45.5	2.29	1.87	6.65
44.75	0.43	2.05	2.35
46	1.22	5.79	7.29
42.5	3.04	3.56	2.45
39.75	4.32	3.08	1.22
37	1.41	1.63	0.94
43.5	1.5	3.39	3.94
44	5.66	0.82	2.05
30.25	2.17	2.49	3.94
39.25	8.84	0	2.28
45.75	1.92	3.08	2.45
37.25	2.17	1.66	3.19
38	1.87	0.87	2.49
44	1.58	2.06	4.72
37.25	12.48	1.48	7.82
30.25	7.36	2.38	7.15
41.5	2.87	1.25	0.82
40	2.92	2.05	6.5
36.75	3.9	4.09	2.38
39.75	5.67	1	1.92
43.25	4.21	2.05	3.68
24	9.09	5.41	2.36
35.25	9.81	1.92	4.92
45	1.63	5.19	3.24
38.5	3.77	3.49	4.03
37.5	1.66	2.59	4.27
44	2.45	1.73	2.29
38.25	8.84	2.06	4.33
27	3.32	2.06	1.48
39.25	1.64	4.5	3.08
42.25	3.7	6.24	1.25
36.75	1.3	1.66	1.87
39.75	2.28	4.5	6.42
44.75	1.79	4	0
30.67	9.43	0	4.9
33	13.44	3.34	1.41
43.33	2.62	5.44	3.96
43.5	4.5	4.5	1.22
33.5	1.5	1.87	1.22
37.75	2.95	4.03	4.97
43.25	3.34	2.18	7.07
33	4.3	4.99	2.28
36.5	2.29	2.49	3.5
46.75	1.3	5.55	3.27
46	0.71	3.57	1.3
44.75	0.43	1.64	3.03
39.25	5.63	1.73	2.38
40.75	5.17	3.28	3.96
37.25	2.95	4.49	2.12
38.5	2.18	2.49	1.92
45	0	0	1.41
41	1.63	2.83	1.41
39.25	0.43	3.11	4.85
36	4.64	1.12	1.41
38.67	12.5	1.41	6.44
22	6.89	1.79	3.81
36.25	2.17	2.28	3.34
39.5	7.43	3.57	4.09
37.25	3.11	3.3	1.3
36	1.87	2.74	1.79
41.5	2.29	3.4	2.86
30	7.04	1.87	2.77
32	5.05	2.05	3.08
42	2.55	2.69	2.06
36.5	4.5	4.15	4.09
33.5	2.29	2.05	4.24
39	1	3.35	4.12
42.67	0.94	2.59	8.26
33.75	2.49	5.07	5.52
31.75	2.95	4.15	1.3
42.5	3.28	6.76	5.79
37	0.82	1.7	2.45
37.5	2.06	2.49	5.02
42.4	1.62	2.4	2.74
37.25	4.6	1.92	4.92
35	1.41	0.82	3.27
38	1.41	4.92	2.59
41.75	5.31	0.47	1.48
34.25	1.79	1.92	5.25
38.25	1.48	3	2.38
34.25	8.55	3.7	2.12
35.25	6.5	2.45	7.04
33.75	1.3	4.19	5.83
40	5.43	1.5	4.72
40.25	3.96	2.16	2.49
36	3.08	4.09	3.77
37	2.74	3.27	3.32
43.5	4.5	1.25	3.27
35	5.62	3.06	2.49
28.67	4.64	2.45	3.39
34.75	6.42	2.87	4.09
33	4.12	2.24	4.42
30.25	4.97	3.56	3.03
38	5.83	1.41	4.11
34.75	6.02	1.25	3.2
28.75	2.38	1.87	3.57
28.33	1.25	2.49	0.82
40.5	3.77	4.82	3.67
34	2.12	1.25	4.82
39	2.45	2.36	1.92
40.25	7.22	1.79	2.49
30.5	1.12	2.49	0
24	3.27	3.09	3.2
36	4.74	1.92	2.95
34.25	1.79	3.74	5.68
33	2.55	4.38	6.04
41.5	1.8	3.77	4.99
32	1	3	0
27.33	3.4	4.64	4.64
38.75	4.26	4.78	2.49
35.75	6.46	6.48	4.5
27.33	1.25	1.22	1.7
40	7.31	4.44	2.29
36.33	2.49	5.66	1.79
33.5	4.15	2.28	1.92
39.25	2.17	5.24	2.68
31.8	6.55	3.43	1.48
31.75	6.38	3.64	3.81
42.75	3.34	5.54	4.12
22.25	9.01	1.64	1.7
30.75	3.9	0.43	4.9
33	2.45	3.86	5.12
37.75	7.12	1.22	4.26
29.75	5.63	1.63	4.26
43	2.74	3.54	3.35
32.75	6.02	4.74	4.76
31	4.06	4.72	2.59
36.25	2.05	3.4	2.5
33.67	3.3	5.94	7.41
34.25	2.86	4.36	2.12
40.75	5.93	1.41	2.12
29.67	0.47	0.47	2.87
26	4.64	3.83	2.96
35.75	8.76	4.5	2.45
34	4.74	6.22	6.61
31	5.61	4.97	5.1
37.25	7.76	0.82	7.35
30	2.12	2.16	3.4
26.33	3.4	5.07	3.09
41.5	4.61	3.03	3.04
35.75	0.43	0.94	3.08
34.25	6.02	1.66	3.19
37.5	5.85	5.1	4.32
29.25	0.83	3.67	8.04
26.67	2.87	2.45	2.87
36	5.61	2.49	6.18
35.25	1.3	4.66	2.12
36	2.12	6.57	3.49
38.25	9.34	1.87	1.22
32.5	2.29	7.04	1.5
24.75	6.87	4.07	4.06
41.5	5.5	2.59	6.22
34.25	2.38	2.05	1.7
39	2.45	6.98	0
31.67	11.03	1.5	1.89
32	4.06	3.3	2.38
31	6.82	2.5	3.7
41.33	5.91	3	4.06
37.75	1.3	7.22	1.22
36	2.45	5.1	0.87
34.33	1.89	2.45	2.12
33	7.35	3.14	5.7
31.67	1.25	6.16	2.17
30.75	10.21	1.09	3.2
38.5	3.77	1.8	1.66
33.67	3.86	3.4	5
40.33	6.55	3.3	4.24
34.5	5.59	4.5	1.64
31.75	4.21	1.92	4.26
39	3	4.21	1.92
37.25	2.49	0.94	0.82
37.5	3.35	4.24	0.47
41.33	4.5	2.17	2.87
31.75	1.3	3.27	1.92
26.33	1.7	0	0
36.67	5.73	1.25	7.89
37.33	1.25	1.79	1.41
33	5.79	1.12	3.9
36.5	7.89	4.44	7.82
30	6.48	1.25	2.49
23.75	5.49	2.05	2.17
36	6.96	5.76	4.27
33.5	3.91	4.08	2.28
32.5	2.87	1.87	1.22
38.5	4.33	3.11	7.14
25	1	0.94	3.68
23	4	1.5	0.5
37.5	4.5	3.67	1
27	6.36	1.41	1.41
30.75	6.14	3.39	5.94
33.25	10.11	2.45	5.19
31.33	1.25	2.74	2.87
24	4.24	2.87	4.44
35	8.75	1.8	3.68
35	1.41	4.24	1.92
36.25	0.43	0.5	2.35
42.75	1.92	4.12	2.06
32.75	4.21	4.76	4.15
30	2.45	3.56	0.47
37.5	5.32	0.5	3.03
40	3.24	3.77	3.67
31	8.4	3.42	5.05
41	3.81	1.3	4.32
28	5.87	1.87	5.63
30.75	5.12	2.86	2.49
35.75	3.49	4.5	3.42
36.33	6.02	0	2.16
37.5	4.56	7.01	3.61
36.75	13.27	4.09	2.45
31.25	6.61	4.76	1.79
26.75	8.9	1.3	1.79
37	5.1	3.11	0.94
32.33	3.3	2.16	3.67
36.67	0.94	2.87	5.32
42.5	3.5	3.57	0.82
35.25	6.5	2.49	3.2
25	2.45	1.79	5.96
40.25	4.76	3.27	2.6
36.75	5.36	5.63	2.5
35	5.61	2.69	3.5
40.25	6.61	2.69	2.96
29.25	2.59	0.94	3.49
27.25	6.61	2.28	0
42	5.52	1.25	5.1
33.25	1.79	0	0.47
36	4.24	1.66	2.49
40.5	5.68	0.83	2.86
33	0	2.86	2.62
32	4.34	2.86	5.56
41.33	6.24	1.79	0.94
38.67	0.47	1.63	2
37	2.83	5.79	4.92
39.75	3.9	1.64	5.41
40.75	9.18	2.29	3.5
26	3	1.5	2.86
32.75	5.76	7.02	3.56
40.5	4.97	6	2.38
37.25	1.3	4.71	2.18
37.5	3.35	1.41	0
44	2.45	2.95	1.87
32	9.3	2.12	0.47
24.25	0.43	4.09	3.11
33	2.83	2.17	2.49
42.25	4.92	2.86	3.35
37.75	1.3	2.12	1.5
39.5	2.6	2.05	5.19
44.75	1.79	3.92	2.06
29.75	7.76	0	4.5
32.75	2.17	1.7	3.77
38	7.71	3.77	1.48
37	1.41	4.24	2.62
36	2.45	2.05	3.49
38	4.3	2.28	3.64
41.5	5.94	2.74	6.3
28	12.19	1.48	4.09
33.25	1.79	0.94	0.83
42.75	4.32	2.95	0.43
40	0.71	4.21	2.12
38.5	2.6	6.69	2.17
42.67	2.05	0.83	6
34.25	11.32	0.5	3.5
28.5	7.83	2.77	3.54
32.67	7.93	4.26	2.05
41	5.2	4.09	2.49
39.33	0.47	4.03	2.49
32.75	5.4	4.64	2.59
43.75	2.49	3.27	3.9
35	8.22	2.29	3.34
25.25	3.83	1.8	6.38
35	2.74	2.62	3.2
36.25	4.6	4.64	4.11
37.75	1.3	3.27	2.49
37	1.41	6.8	2.38
45	2.45	0	3.86
32.25	9.28	1.3	2.96
24.75	0.83	3.57	4.5
30.75	5.76	3.27	2.77
43.5	4.97	2.69	2.69
35	1.41	2.96	0.47
32.25	1.3	5.54	0
37.33	5.25	0.47	3.09
38.5	8.2	2.83	2.68
31.5	3.84	2.49	3.77
26	1.87	2.69	4.27
39.75	6.14	4.44	4.36
39	5.79	2.69	2.12
38.75	0.43	4.97	7.36
40	5.52	1.89	1.48
33.75	6.76	5.12	3.35
23.75	5.63	0.82	2.87
30	8.75	3.34	3.46
41.25	2.49	1.25	0.94
35.25	2.49	4.76	0.71
38	1.41	2.59	1.89
41.5	2.5	1.87	1
30	6.52	1.48	4.15
28.4	2.58	5.55	3.44
31.67	1.89	2.62	5.25
42.5	4.15	2.68	2.87
34.67	1.25	1.7	2.12
36.5	2.18	3.35	2.29
41.75	2.38	1.22	3.67
33.25	3.49	4.99	2.96
31.75	2.68	2.69	1.3
33.75	4.82	4.72	2.77
38	5.34	3.27	4.38
29	1.41	4.44	5.34
35.25	4.82	1.41	3.61
41.25	7.46	1.25	1.92
30.5	4.33	3.2	3.67
28.75	9.18	2.05	0.94
37	5.35	2.68	0.47
36	0	2.68	1.89
30.25	0.43	1.48	4.92
38.33	0.94	2.45	3.27
39.25	10.18	2.69	1.3
27.5	2.87	2.86	6.04
32	4.9	0.43	2.49
42.25	5.31	3.4	5.1
33	4.24	1.79	1.63
33.25	2.77	2.18	1.66
43.5	3.2	2.74	1.79
30.75	8.29	2.17	1.3
26	1.58	3.2	4.92
36.75	6.14	3.27	3.77
41.75	3.34	1.48	5.36
33.5	7.3	1.3	1.7
38	3.56	2.83	1.25
42.75	2.86	0.83	2.05
29.25	5.8	3.54	5.36
29.5	3.91	6.18	3.03
37.75	4.92	2.86	1.48
42.25	3.49	7.68	1.3
36	3	1.25	0.94
41.67	0.47	1.79	6.94
38.75	10.33	2.28	6.28
35	1.41	2.62	2.6
31.33	6.55	1.63	2.55
36.75	5.76	2.74	4.92
39	0.71	2.29	6.34
36.5	2.87	4.85	2.29
41.5	2.6	1.92	3.96
39.25	13.48	3.04	3.2
28.5	6.1	1.66	4.44
25	11.58	4.64	0
38.4	6.53	2.05	5.72
35	2.74	3.3	5
33	4.64	3.03	4.32
45.67	2.62	2.49	5.44
34.67	1.89	3.27	0.82
36	2.45	3.83	2.49
37.33	1.25	2.05	1.7
38.25	4.44	3.64	4.82
18	6	2.49	5.58
34.75	3.83	1.48	2.87
37.33	15.08	1.7	1.92
29.75	3.49	1.79	1.79
27	3.54	2.69	6.38
37.75	8.9	4.03	5.7
34.25	2.17	1.8	1.87
36.75	2.49	5.74	3.27
43	3.16	1.8	2.55
31.25	2.05	3.91	3.77
30.75	3.9	4.26	2.87
35.75	6.34	1.41	2.16
37.75	4.44	3.08	1.58
33.75	2.49	3.94	4.85
37.5	4.92	2.17	7.79
40.75	8.58	2.86	5.36
30.5	2.29	2.05	2.45
31.75	5.54	3.68	2.16
41.25	4.44	3.77	1.92
37.67	1.25	4.76	3.09
33	3	2.68	1.7
43	2	1.25	1
37.2	6.79	1.85	6.6
30	0	2.87	1.41
31.75	1.3	4.76	0.87
38.75	7.36	2.95	0.43
32	2.45	5.68	5.74
37.25	4.26	2.68	3.28
42.25	3.42	4.77	5.68
31.5	1.5	2.62	2.05
29.5	0.87	3.27	1.66
40.25	4.26	4.97	2.45
38.5	1.5	2.92	6.6
40.25	1.64	4.19	0.47
33.33	6.34	2.12	1.41
37.5	8.53	1.92	3
35	1.41	1.3	0.94
29.67	6.94	3.11	1.41
36	6.48	4.97	4.15
38.75	3.7	3.42	3.35
33.75	1.3	4.64	4.85
39.75	1.48	4.36	4.56
36.75	6.5	2.6	2.29
30.5	3.57	4.49	2.6
31	5.74	4.56	2.49
41.25	6.87	1.48	3.64
35.75	3.56	4.06	4.24
38.75	1.79	2.62	2.29
42.5	3.57	3.09	3.86
31	3.08	4.61	7.37
34.25	2.38	6.04	4.92
41.5	3.28	2.59	0.83
40.25	3.27	0.71	1.22
34	1.41	1.25	0.82
38.25	3.56	3.61	3.03
41.25	3.34	2.49	3.56
33.25	2.49	1.3	2.74
32.33	0.47	2.94	3.67
39	5.61	5.25	5.66
39.25	2.17	3.27	1.87
32.25	2.86	0	3.56
36.25	5.21	1.3	1.79
34.5	6.54	3.56	2.12
29.75	4.49	1.25	6.6
28.5	3.64	2.74	2.77
38	3.81	3.83	0.94
35.25	1.92	3.54	6.83
35.75	3.49	5.91	4.5
37.25	4.82	2.69	4.92
28.25	1.92	5.79	2.06
23	3.74	1.3	4.64
42.25	4.38	2.69	6.2
34.67	1.89	2.62	1.09
36.5	0.87	2.95	0.83
40.25	3.42	6.6	3.56
35.25	7.46	3.4	5.48
29.5	3.35	4.32	3.56
27.75	4.49	2.86	2.77
36	9.25	3.4	0.94
36	0	3.86	2.62
37.75	1.79	1.79	2.95
46	2.83	3.49	4.03
29.33	0.47	2.16	5.76
27.67	6.55	2.36	3.42
39.25	3.96	2.95	0.43
38	6.82	2.55	3.9
31.75	4.09	4.06	1.41
36.5	3.57	2.69	2.59
41.75	9.2	2.49	3
25.5	4.03	3.74	7.87
33.75	3.49	3.35	1.79
41.75	1.09	2.86	1.8
29.75	6.91	5.87	4.44
40.5	1.66	3.46	2.92
44.5	1.8	6.04	6.52
34	7.11	4.55	1.87
29.75	4.26	4.15	4.82
36	2.12	4.11	0.87
40.5	2.96	3.83	2
39.5	2.87	2.45	2.62
37	6.6	2.64	2.4
41.25	3.9	2.94	8.5
35	3	3.74	4.32
34.5	2.6	3.67	1.3
38	9.9	2.55	1.41
34.5	1.5	1.41	3.96
36	0	4.19	5.26
42.25	4.26	2.17	3.54
38.75	8.17	2.12	5.12
28.5	4.97	2.35	2.49
38.75	4.71	2.6	2.59
36.25	6.68	5	3.77
29.75	4.26	0.47	4.55
42	2.45	2.18	1.25
36.33	8.5	0.83	1.25
27.25	2.17	1.58	3.63
34.8	3.06	3	2.64
40.33	1.89	2.29	2.36
30.5	4.15	1.92	3
31	5.66	0.82	2.77
39.25	5.31	3.7	1.48
32.75	7.15	5.76	0.87
23.25	8.58	2.28	2.24
33	9.72	1.89	3.68
34.75	4.55	5.66	2.5
29	1.41	3.57	0.47
38.25	1.92	1.87	5.02
36.5	11.01	1.3	1.25
27.75	5.54	3.2	7.15
33	2.45	3.3	2.74
41.75	3.83	2.05	1.63
37.25	1.64	5.36	2.12
39	3.67	1.22	4.6
42	7.35	3.42	3.2
29.75	7.36	1.12	4.97
29.25	2.49	2.6	2.59
41.75	4.92	2.17	6.34
33	2.55	3.27	3.91
30.25	4.09	1.22	3.24
36.25	7.4	0.82	4.97
35	8.31	3.32	2.12
31.5	3.35	1.89	0
37.25	5.76	2.58	4.07
33.75	9.81	3.49	2.17
27.5	8.53	2.62	1.41
29.25	7.4	1.48	2.29
39.33	2.49	4.61	1.41
36.25	0.43	1.3	3.27
34.5	1.5	2.6	1.92
42	2.55	4.66	1.87
38.33	0.94	4.78	3.74
34	2	2.45	4.08
36.75	5.8	1.3	4.02
29	16.2	3.2	4.85
33.75	2.49	6.34	6.02
31.75	7.82	2.95	5.32
36.25	6.02	3.3	1.58
32.25	2.49	6.2	2.55
37	4.06	1.64	4.6
39.25	6.26	3.3	3.09
32	2.45	0.94	2.87
36.5	0.5	5.5	1.41
39.5	4.5	2.62	3.3
28.75	5.89	3.56	4.5
32	5.87	5.8	5.79
37.33	4.99	1.41	2.16
35.5	10.69	1.25	6.42
33.75	5.12	5.1	6.16
34.75	4.26	3.27	5.22
39.75	3.11	1.41	1.25
35.25	1.92	2.76	3.5
39.5	1.5	2.55	4.99
40	5.15	4.15	5.89
33.75	1.3	0.94	3.4
32.25	2.49	3.91	5.32
41.67	2.49	2.12	0.47
37	1	1.25	1.7
33.67	3.86	3.77	2.29
37.25	6.5	0.87	3.4
36.5	6.42	5.85	1.41
30	4.74	2.6	3.84
37	6.6	3.24	2.29
38.25	5.76	4.21	6.02
37.25	1.3	3.27	5.25
40.25	3.49	2.59	3.64
31	12.03	1.3	3.09
26	3.52	3.77	5.37
34.33	3.09	5.43	4.92
41.5	4.03	4.32	3.56
37.67	1.25	3.27	3.28
36	4.24	1.25	3.35
39.2	3.76	4.41	6.06
32.33	0.94	1	3.63
28.25	2.86	1.92	6.34
38	6.16	6.8	3.84
34.5	4.5	3.77	5.36
33.5	2.5	1.66	0.5
41.75	3.03	4.82	3.77
28	10.25	4.5	5.25
34.33	1.25	4.79	2.94
38.25	5.93	5.1	4.64
38.25	3.9	1.7	2.77
37	2.45	2.45	1.66
36	3.67	4.15	2.49
39.5	11.06	4.6	3.04
29.33	3.77	1.22	6.18
32.75	3.77	5.12	3.57
42.67	2.49	3.35	6
37.25	4.26	4.55	1.66
34.67	4.64	3.4	3.27
42.25	3.56	4.15	5.12
36.25	5.63	5.76	5.5
33.25	2.77	2.12	2.49
32.5	2.87	5.79	1.5
32.5	3.5	3.96	4.26
35.75	2.17	2.49	5.36
38.5	2.29	5.07	3.67
40	5.87	1.89	3.5
30	5.24	2.49	2.29
38.25	1.48	4.3	5.55
37	3.61	2.74	2.06
30.33	0.47	3.2	5.91
34	7.07	3.63	6.16
42.5	3.28	4.32	4.5
32.25	3.9	2.17	1.79
31.5	3.35	3.56	1.64
39	4.3	2.6	6.69
28.33	8.18	3.3	5.61
32	2.83	3.09	3.27
39.67	6.55	3.68	1.87
36.25	6.02	3.3	4.5
27.75	3.9	1.66	0.83
35	6.71	2.45	4.03
38.75	4.21	1.22	0.43
37.5	2.6	2.87	3.24
38.75	2.68	2.55	4.38
31.75	7.95	3.96	7.98
26.5	2.29	3.91	2.6
36	5.61	8.76	1.48
39.5	4.97	5.97	3.46
35.25	1.3	4.5	3
38.5	2.29	1.79	2.86
35.25	6.94	4.11	2.16
29.33	2.49	5.2	2.94
31	4.55	1.22	1.63
40	7	4.92	1.25
32.25	1.3	1.7	1
34.5	3.84	1.3	6.58
41	2.74	1.89	3.94
34.5	1.5	4.44	3.77
27.75	3.96	1.3	4.26
39.5	6.26	5.91	3.96
31.25	1.79	6.14	3.11
35	7.25	6.96	5.93
38.25	3.96	2.06	5.05
29.5	5.89	2.45	6.6
28.5	12.82	6.18	4.19
40	3.24	3.3	5.79
39.33	1.25	6.14	0.47
37.75	3.49	1.3	1.48
40.25	5.89	6.1	0.82
33	2.45	1.41	3.11
29.33	3.86	5.94	0.47
33.5	6.95	4.74	2.12
36.33	2.87	4.24	1.09
35.25	4.92	5.32	1.25
34.5	6.18	2.86	2.55
40.5	4.03	4.06	4.15
27	6.75	2.77	4.15
27.75	3.9	2.05	1.92
41	5.48	1.25	1.7
31.75	4.55	3.27	2.92
33.75	3.11	3.27	2.49
40.5	4.5	4.06	2.28
36	6.4	4.44	3.7
36.25	8.93	3	1.3
39.25	5.36	4.74	1.64
34.67	2.62	3.08	0.94
40.75	1.64	2.87	5.36
34	7.65	1	6.96
32	2.83	2.36	4.78
30.5	5.68	5.24	7.07
36	3.67	1.63	0.87
37.75	6.87	3	1.3
30.25	4.76	5.79	3.27
36.5	0.87	5.44	1.5
34.75	7.66	2.18	5.79
24.75	8.26	5.02	4.32
26.25	2.49	3.56	7.09
38.5	3.28	2.38	2.06
35.5	1.5	2.12	3.27
35.75	2.77	2.05	0
40	4.06	3.94	7.38
33	4.24	1	2.62
30.25	0.43	2.77	7.4
40	0.82	5.8	2.94
34.5	1.5	1.87	4.49
35.5	3.91	3.77	1.12
38.67	6.94	1.25	1.79
27.75	6.83	4.97	3.57
27.75	3.9	2.49	2.6
38.25	4.32	4.15	4.44
32.75	2.17	2.86	3.56
33.25	3.9	1.12	0
40.5	3.35	2.87	4.3
25.75	7.95	4.44	4.55
25.5	2.69	3.2	2.95
34.5	9.07	2.49	2.29
38.25	2.86	4.6	0.87
35	2.12	3.27	2.95
42.75	2.49	2.5	1.09
38.5	3.77	4.85	5.36
37.25	1.09	3.77	4.64
35	5.74	4.33	3.84
37.25	4.09	1.5	2.95
39.75	2.49	1.92	2.35
39.5	5.59	5.66	1.41
37	4.18	2.36	3
33.33	6.8	3.56	0
41.67	4.92	3.68	2.05
34.67	3.4	2.94	3.56
34.75	3.03	2.86	1
41.25	4.32	0.47	1.79
36	7.04	4.99	6.02
28.75	1.48	3.34	4.58
33	4.24	4.92	3.77
37.25	2.49	6.16	3.04
38.75	0.43	3.27	5.34
42.75	3.11	6.36	2.95
34.75	6.02	3.09	5.91
31.25	5.76	4.21	2.77
36.67	0.47	3.11	0
43	5.1	4.5	2.86
37.25	1.3	3.54	0.83
39.75	2.49	1.3	2.87
38.75	5.21	2	4.24
33.25	1.79	4.85	2.29
33.75	2.49	2.05	6.18
38.5	4.97	2	3.67
34.5	2.06	3.56	3.84
42.25	3.49	2.36	1.5
46	0	4.02	0
27.75	1.92	3.49	2
31.67	5.79	1.5	4.71
39.75	3.9	3.49	3.77
34.5	1.5	5.44	2.28
35.67	3.77	4.78	3.67
43	1	2.49	5.73
35.75	1.79	2.87	5.1
25.75	5.49	1.87	2.18
32.25	8.95	3.03	1.25
36.75	3.27	5.43	1.79
33.5	2.87	1.66	4.02
40.25	4.6	1.79	4.76
33.5	8.56	4.02	4.5
28.25	4.21	7.04	3.3
29.33	3.3	2.29	3.68
37.25	6.14	4	4.21
29	0.82	0.94	1
30	4.24	1.7	3.83
30	4.24	1.7	3.83
31.67	7.26	4.5	2.67
31.67	7.26	4.5	2.67
36.25	7.79	5.32	3.27
37.25	6.83	2.87	4.6
31.5	4.39	2.55	1.64
32	6.36	6.6	1.41
40.25	6.87	2.92	4.3
35.25	1.3	1.48	3.27
39.75	4.15	2.05	2.16
43	5.87	3.61	3.2
40.25	2.05	2.17	1.58
40	1.41	5.4	0.94
41	1.41	2	4.72
34.5	7.5	4.78	3
34	1.41	1	3.08
35	5.87	4.12	1.09
39	5.61	2.38	1.5
35.5	3.04	2.28	2.87
36.25	2.68	0.83	3.2
39.75	4.32	3.56	3.96
28.75	4.71	4.19	1.7
28	7.07	3.11	0.47
43	2.35	2.55	5.8
31	3.74	3.74	3.67
37.75	2.68	4.39	3.67
40	6.16	1.41	5.4
32.75	8.93	1.66	3.27
29.5	0.5	2.87	4.03
40.75	3.7	1.25	1.41
34.75	1.79	8.04	0.94
39.5	1.5	4.03	4.19
32.67	4.5	2.18	2.83
36.2	3.71	5.5	6.11
27.75	2.49	0.94	2.95
40.67	4.11	4.3	6.18
36	2.45	5	4.18
34.67	3.4	1.7	3.35
36.25	3.9	1.79	4.82
38.75	5.85	2.29	1.7
29	5.66	2.16	1.22
23	6.6	1.5	3.96
38.5	4.33	7.79	3.35
36.75	2.28	7.18	2.86
39	3.54	3.16	1.22
34.5	7.02	2.59	2.12
28.5	4.5	2.74	1.09
31	3.81	5.67	3.74
39.5	3.04	4.33	2.12
31.5	2.69	3.74	1.3
34.75	3.42	1.22	4.95
39.5	6.87	4.08	1.25
33.33	2.05	2.86	0.47
27.25	2.49	3.27	2.86
36.25	5.63	4.71	3.49
36.5	0.87	0	2.36
36.33	2.87	3.74	4.44
42	2.45	4.12	5.54
33.75	3.11	3.81	3
25.75	6.5	3.16	1.48
36.5	5.68	5.4	5.63
38.25	4.82	2.49	4.09
29.5	2.87	2.95	2.05
39.75	6.3	3.56	4.32
32	9.57	3.27	2.29
26.25	5.4	4.92	0.71
38.75	1.92	2.45	3.56
32	10.2	3.35	1.7
37	1.22	2.17	5.32
37.33	3.09	1.25	3.9
39.25	6.42	2.86	5.72
35.25	2.49	1.22	2.05
32.25	2.95	2.49	2.38
40.75	3.49	2.74	4.18
32.75	4.09	2.18	3.57
32.33	4.11	2.16	3.09
41.25	6.83	1.7	4.5
31.67	0.94	2.17	2.45
26	1.63	8.04	4.3
30	10.61	1.87	3.27
34.33	1.89	7.76	1.22
32	3.32	4.32	1.25
42.5	2.29	5.91	6.6
28.5	6.69	2.95	2.28
28.75	6.61	1.3	0.47
39	3	6.2	1.5
34.5	1.5	2.69	2.24
36.5	3.57	2.94	4.44
39.5	6.54	5.07	3.77
24.75	9.09	2.05	1.41
32	3.74	7.62	5.1
36.67	5.73	4.5	4.21
38.33	1.7	0.5	1.41
32.75	2.17	2.69	4.92
41.25	3.34	2.5	1.09
32.75	8.58	2.28	2.17
25.25	3.27	4.5	2.18
36.75	8.44	1.3	1.48
38.75	3.7	1.3	3.11
35.75	1.79	4.3	3.63
38.25	6.06	4.49	5.97
34.5	4.5	1.22	3.03
24.25	4.21	4.55	6.94
32.5	5.12	3.61	3.91
38	0.82	1.79	1.3
31	3.74	4.5	2.62
41	2.45	1.3	3.27
29	8.75	4.3	2.24
27.33	3.09	0.47	1.22
35.5	6.54	2.55	2.59
39.75	4.92	0.43	1.92
36.67	0.94	2.87	1.41
41	2.92	3.5	3.74
34.75	7.66	5.72	3.67
27.75	2.59	5.15	6.04
39.75	4.32	6.24	1.25
38.5	5.68	2.94	2.62
36.5	3.2	1.3	1.09
32	9.72	1.3	2.18
38	5.72	1.48	6.24
22.33	3.09	0.94	6.12
25.5	8.73	4.44	2.29
37.75	6.14	5.79	4.11
37.25	1.64	2.77	2.95
41.75	2.17	2.59	5.12
36	7.38	1.73	3.42
28	3.61	1.58	1.66
34	7.25	5.68	3.57
37.25	5.93	6.18	0
35.5	2.69	0.83	2.45
39.5	4.5	3.74	5.61
30.67	12.68	4	3
27	3	3.27	1.8
36	2.12	2.29	2.86
43	4.53	2.49	1.58
33.25	1.79	0.83	5.54
34.67	8.34	4.5	4.15
40.67	4.03	2.45	4.38
32.25	4.82	4.6	5.36
30.75	5.36	2.95	4.15
42.75	3.9	2.24	5.4
37.75	1.3	1.58	3.56
37.25	2.68	6.87	4.53
35.25	8.32	1.79	4.06
28.5	2.06	4.44	1.48
23.25	4.92	3.3	3.3
38.75	4.76	4.5	1.41
33	2.12	4.44	1.87
36	2.45	0.82	0.47
39	6.4	2.5	4.64
32.67	0.47	3.35	2.36
27.25	1.09	3.34	2.17
36.67	5.91	6.34	4.15
35	1.41	4.99	3.09
34	3.67	4.66	1.87
41.5	2.06	1.7	4.5
32.5	0.5	3.28	0.43
30	2.12	4.32	5.02
34.5	7.92	4.03	3.39
37	5.34	3.57	2.74
34.25	1.79	1.5	2.69
39.5	4.5	2.87	5.31
32.75	8.26	0.47	8.83
28	2.83	2.5	5.35
32.5	4.15	4.02	4.82
38.75	5.07	4.33	3.57
35.5	5.5	3.77	4.64
41.25	6.76	1.63	0.82
37.25	4.6	4.82	1.5
25.67	8.34	3.03	1.7
36.5	5.68	2.59	2.77
41.67	3.68	3.74	5.72
32	6.82	3.49	1.87
37.75	1.3	3.03	3.54
38.5	8.26	2.28	3.7
32.25	8.32	4.44	0.83
31.5	5.59	4.03	2.12
41.75	4.26	5.54	2.95
38.25	3.9	4.3	0.5
34.5	2.69	1.92	2.86
40	7.58	0.47	2.62
24	7.04	2.86	3.74
30.5	2.29	3.39	1.79
39	4.3	1.3	2.74
36	2.45	2.92	5.1
30	4.55	6.1	3.09
46.25	1.09	2.5	4.9
30.75	5.26	1.79	4.06
39	1.41	0.83	2.86
42.5	2.87	3.67	2.59
35.5	3.04	3.2	0.87
35	1.41	4.24	3.11
39.5	2.5	3.77	5.24
29.25	1.92	3.57	1.3
30.75	3.9	2.87	3.54
39.25	2.95	2.28	2.59
31.5	2.6	2.16	2.05
34.25	2.95	3.91	3.34
38	3.61	3.09	5.44
31.33	1.25	2.29	3.4
23	1	2.16	3.56
38	8.03	1.92	1.92
36.5	0.5	2.24	2.06
31.67	1.25	2.05	5.89
37	1.58	3.28	1.22
32.75	6.61	1.66	3.35
29	1.22	2.06	6.73
36.5	6.8	1.12	5.12
37.25	5.36	3.35	2.35
34.25	2.77	5.44	0
40.25	3.42	3.03	4.53
32.25	10.03	1.7	1.7
29.25	2.49	3.64	0.83
33.25	7.95	3.35	1.5
39.5	5.41	2.74	2.6
32.33	0.47	3.08	0.94
36.5	2.5	2.24	2.17
38	7.87	2.45	5.22
32	2.28	1.47	4.39
31.5	6.18	3.3	4.44
46	2.83	4.97	0
36	3.08	3	3.9
39	2.12	2.96	2.16
36.75	4.92	2.55	3.08
34.5	4.5	5.49	5.21
29	2.45	5.41	3.96
35	6.82	2.95	3.7
37	1.22	6.02	5.02
37.25	1.3	3.67	4
40.75	7.01	4.5	3.24
30	3	1.41	2.17
27	4.95	3.08	1.48
38	4.06	2.35	3.34
36.5	2.29	4	1.7
39.5	2.18	3.35	2.45
45	2.45	3.27	3.68
34.33	3.09	4.97	1.92
27.25	4.76	3.7	3.68
41.67	4.92	1.25	6.84
38.25	5.76	3.9	3.68
36.5	2.87	2.06	4.55
36	6.48	0	5.89
32	9.25	4.06	4.6
30.25	2.68	3.35	5.72
30	5.34	4.69	3.46
38.75	2.68	5.76	2.87
36.25	0.43	1	1.22
38.25	2.49	5.4	4.64
36.75	6.83	1.89	4.55
32	2.74	3.49	2.28
37.25	5.36	5.61	2.69
37.75	4.92	1.25	4.19
32.25	4.44	4.64	1.25
40.75	4.26	4.6	2.49
35.75	5.76	2.64	3.77
26.5	3.77	3.56	1.63
28.5	4.5	2	2
38	1.73	2.05	1.41
37.25	2.68	1.5	2.05
43.67	3.4	0.82	3.4
30.75	3.34	3	4.26
26.5	1.5	2.74	0.83
31.67	6.6	2.05	7.79
36.75	0.83	8.08	1.7
35	3.56	4.08	3.63
39.5	2.29	1.92	4.53
36.75	6.18	1.7	5.31
24.75	7.29	2.69	4.6
24.75	5.36	1.22	1.5
31.75	4.09	3.11	4.9
28.5	2.6	2.5	6.76
40.5	6.87	0.94	6.24
41.67	4.5	2.05	2
37.75	4.71	2.45	2.95
43	1.41	0.94	0.94
37.5	2.6	3.96	4.02
35.67	1.89	1.63	1.79
36.5	5.68	3.24	3.39
37.75	8.23	2.86	5.45
31	6.08	3.39	2.96
30.5	7.12	2.69	2.74
43	3.67	2.45	3.9
38.25	1.3	3.4	1.3
26.75	8.5	3.27	4.61
43	2.83	2	2.06
32	4.18	2.17	0.83
28	7.35	8.56	5.4
34.5	9.71	4.66	3.64
37.75	2.49	2.94	4.92
35.5	4.77	2.24	9.39
43.25	4.21	5.79	8.44
26.75	5.17	0.47	2.94
34.75	3.03	3.49	3.91
39.75	3.19	2.12	1.8
34.5	2.69	4.9	2.45
35	5.66	2.28	4.24
36.67	4.99	2.87	4.26
30.75	4.92	3.54	4.19
27.25	2.49	3.35	4.32
35.25	5.67	3.67	4.03
34.8	3.76	6.69	2.87
34	4.24	2.94	3.67
39.5	3.35	1.09	3.7
36	4.24	2.86	3.27
27	3.54	4.5	2.69
36.75	4.44	1.48	3.7
33.75	2.49	2.49	3.9
33.5	4.27	1.12	3.57
37.75	6.18	0	3.56
25.75	8.55	0.82	7.5
23.33	5.73	2.36	0.47
36.67	5.73	2.49	1.12
36.75	1.3	1.79	3.03
35.75	3.9	9.2	4.26
40.5	3.35	1.12	2.86
32.67	0.47	2.05	3.34
26	5.79	1.09	1.48
40.5	3.35	2.87	5.91
35.5	1.5	4.19	1.5
36.25	3.9	2.5	1.79
36	6.75	1.25	3.63
30	5.89	3.9	6.13
27.75	7.76	1.87	2.87
42.25	2.17	3.96	3.27
37	2.83	5.44	2.83
38.5	4.5	4.55	0.43
41.5	4.15	2.5	4.55
33	2.92	3.27	3.84
30.5	2.29	5.1	2.49
37.5	4.03	2.74	3.35
36.75	1.3	2.92	6.42
38.25	2.49	0.87	3.24
40.25	3.27	6.06	3.91
31.5	8.08	6.02	6.87
20.75	3.9	3.16	4.32
36	3.67	1.41	1.41
36.67	0.94	4.6	1
40	1.87	1.79	4.85
35	12.08	6.94	4.09
34.5	1.5	1.22	4.15
27	6.48	3.86	5.26
42.75	4.32	5.83	6.02
35	2.35	5.05	2.77
32.75	7.66	3.11	3.35
37.75	8.84	2.29	4.71
28.75	4.97	2.45	3.4
29.33	6.24	3.04	2.62
39	2.45	3.24	2.49
35.5	3.04	2.74	3.24
36.75	1.3	2.49	3.39
36.5	8.62	3.42	3.09
27.67	2.62	1.63	4.95
26	6.36	1.64	3.5
33.75	7.76	2.6	6.58
34.5	2.06	3.04	6.44
35.5	2.6	1.48	2.83
33.25	7.43	3.9	6.18
28	5.34	2.77	2.94
31	6.12	4.32	3.35
31.75	4.92	3.86	1.7
35	1.73	4.08	1.89
39.5	4.5	4.21	2.94
34.5	6.18	2.45	2.29
25.25	5.36	1.5	4.92
34.5	12.09	3.67	1.48
35	2.83	3	1.63
34.4	4.41	4.5	4.13
42.33	2.87	1.89	3.09
28	1.41	3.83	2.36
28.25	1.79	1.09	0.83
32.67	2.87	5.12	2.83
33.75	4.66	2.86	1.09
34	3	0.43	2.69
38.33	4.92	5.79	4.02
36.75	3.96	5.61	3.77
36.75	3.96	5.61	3.77
35.33	5.19	4.68	3.8
35.33	5.19	4.68	3.8
34	3.67	2.29	6.61
34.5	5.72	1.79	3.7
29.33	3.86	1.3	6.04
27.5	6.98	4.5	3.56
40.25	3.49	3.57	3.81
35	1.73	1.7	5.79
36.75	2.49	2.59	2.96
36.33	6.94	2.77	1.5
29.2	4.79	4.15	2.94
32.67	6.02	1.87	3.56
31	7.45	2.06	2.77
30.75	1.92	3.94	2.06
37.25	1.3	2.05	4.44
38	7.58	4.42	1.25
29	3.56	5.66	3.27
34.25	6.5	3.96	5.12
43.67	4.19	6.55	1.5
27.25	5.07	0.83	4.74
30.25	6.38	1.5	5.02
34.25	4.09	3.64	5.07
28.75	2.17	3.74	2.94
35.75	9.65	3.35	4.44
36.25	5.36	6.87	5.12
36	3	2.17	3.3
38.25	4.44	4.33	4.06
31	3.54	4.15	2.45
30.75	4.49	3.34	1.09
39.5	5.22	3	4.5
26.75	2.17	5.07	5.1
30.75	2.49	2.05	1.41
35.5	4.33	0	2.05
27.25	2.17	3.84	1.48
32.67	4.5	3.49	7.85
46.5	0.5	0.5	0.94
46.5	0.5	0	0.43
46.5	0.5	0	0.5
46.5	0.5	0.43	0.5
46.5	0.5	0.43	0.43
46.5	0.5	0.5	1
46.5	0.5	0.43	0.71
46.67	0.47	0.43	0.47
46.5	0.5	0	0.5
46.5	0.5	0	1.25
46.5	0.5	0	0.82
46.5	0.5	0.43	0
46.67	0.47	0	0.47
46	0.63	0.43	0.75
46.67	0.47	0	0.47
46.5	0.5	0.5	0.5
46.33	0.47	0	0.5
46.5	0.5	0	0.43
46.25	0.43	0	0.83
46	0	0	0.43
46.5	0.5	0	0.47
46.5	0.5	0.83	0.5
46.5	0.5	0.83	1.5
46.5	0.5	0	1.41
46.5	0.5	0	1.48
46.67	0.47	0.82	0.83
46.25	0.83	1.25	1.41
46.25	0.83	0.43	1.3
46	0.82	0.43	0.94
46.5	0.5	0.71	0.71
46.4	0.49	1.87	1.36
46.75	0.43	0.43	2.05
47	0	0	0
46.75	0.43	0.83	1.5
46.5	0.5	1.58	1.12
46.75	0.43	1	1.41
46.33	0.47	0	0.71
46.5	0.5	1.22	0.71
47	0	1.41	1.3
47.25	0.43	0.47	1.09
47	0	0.47	2.49
47.25	0.43	0.43	3.34
47	0.71	1.22	2.96
46.75	0.43	1.87	1.22
46.5	0.5	0.82	0.82
46.5	0.5	0.49	0.8
46.5	0.5	0.82	0.47
47	0	0.43	1.64
46.75	0.43	1.12	1.3
46.67	0.47	0.43	3.4
45.5	0.5	2.49	0.71
45	0	2.5	1.22
45	0	2.5	1.09
45	0	1.66	0.87
46.5	0.5	1.48	1.3
47.25	0.43	0.87	0.83
47.5	0.5	1.09	2.55
47.5	0.5	2.45	3.67
47.5	0.5	2.5	0.83
46.5	0.5	3.54	1.3
46	1	3.64	2.17
45.5	0.5	1.25	1.09
45.5	0.5	1	0.71
45.5	0.5	0.43	1.22
46	0	1.25	1.22
46.5	0.5	1.25	1.25
46.5	0.5	1.3	0.83
46.5	0.5	2.16	0.83
46	0.71	0.43	0.87
46	0.82	0.87	0.47
45.5	0.5	0	0.43
46	0.82	0	0.5
46.5	0.5	3.96	1.22
46.75	0.43	2.6	0.71
46.5	0.5	2.18	0.43
45.75	0.83	2.06	1.09
45.25	0.43	0.43	0.43
45	0	0.71	0.5
45	0	1.3	1.3
45.25	0.43	3.3	1.09
46.25	0.43	0	0.43
46.25	0.83	0	2.55
45.5	0.5	0.82	0.87
45	0	0.47	0.82
45	0	0.47	0.47
45	0	0.8	0.5
45	0	0.43	0.43
45.33	0.47	0.82	0.5
45.75	0.83	0	0.83
45.75	0.83	0.43	0.71
45	0	0	0.83
45.5	0.5	3.84	1
47	0.71	1.3	0.87
46.75	0.83	0	1.41
46	0.71	1.7	0.43
45.5	0.5	0	0.94
46.25	0.43	0	0.43
46.67	0.47	1	1
46.5	0.5	0.5	0.43
45.67	0.94	1.89	0.43
45.33	0.47	0	1
45	0	2.96	1.5
45.75	0.43	3.4	0.71
46.5	0.5	0.82	0.83
46.5	0.5	0.87	0.87
45.75	0.83	0	0.83
45	0	1	0.83
45	0	0.5	0
45	0	0	0.5
45	0	0.47	1.25
45.75	0.43	0.5	0.87
46.75	0.43	2.5	0
47	0	0.71	1.48
47	0	1	0.83
46.67	0.47	4.11	1.41
46.5	0.5	0.5	0.83
45.25	0.43	0.43	0.87
45	0	0	1.48
45.5	0.5	2.17	0.43
45.75	0.43	5.79	0.5
47.25	0.43	1.25	0.83
47.5	0.5	1.09	0.71
46	0.71	0.82	1.3
45.75	0.43	0.71	1.41
46.5	0.5	1.7	0.5
46.75	0.43	0	1.25
46.5	0.5	2	0.43
46.5	0.5	0	0
45.33	0.47	0	1.25
45	0	2.05	1.3
45	0	1.63	0.43
45	0	0.5	1.5
46.5	0.5	3.74	1
47	0	0.71	2.12
47	0.71	2.5	1.48
46.25	0.83	0.43	1.22
45.25	0.43	0.43	1.66
45	0	0.5	1.87
45.5	0.5	0.5	1.3
46.5	0.5	0.47	1.25
47.5	0.5	1.41	1.25
47.67	0.47	0.83	0.47
47.5	0.5	1.22	2.45
47.33	0.47	1.63	2.28
47.2	0.75	2.06	0.5
45.67	0.47	0.47	0.83
45.5	0.5	0	1.22
45.67	0.47	1.3	1.73
46.75	0.43	1.79	1.5
47.25	0.43	2.24	0.71
47.5	0.5	0.82	1.79
47.5	0.5	0.43	1.09
47.25	0.43	0.47	0.47
47.5	0.5	2.5	0.47
46.5	1.12	0	0.71
45.33	0.47	0.94	0.82
45	0	0	1.48
46.5	0.5	1.79	1.66
47.25	0.43	1.3	1.12
47.5	0.5	1.09	0.43
47.5	0.5	0.5	0.87
47.5	0.5	3.27	1.79
47.5	0.5	1.66	1.22
46.75	0.43	0.71	0.87
46.5	0.5	0.43	0.43
46.75	0.43	0.71	0.87
47.5	0.5	2.55	1.3
47.75	0.43	2.69	1.3
48	0	0.43	1.3
48	0	0.5	0.43
47.5	0.5	1.41	2.12
46.5	0.5	1.5	1.25
45.25	0.43	0.5	0.87
45	0	0.43	0.87
45.5	0.5	0	0.83
46.5	0.5	1.3	1.09
47.75	0.43	1.48	0.83
48	0	0.71	1.09
48	0	0.5	0.83
47.67	0.47	0.83	0.47
46.75	0.43	2.49	0.5
47.33	0.47	2.49	0.83
47	0	1.12	0.43
46.5	0.5	0.87	0.43
46.5	0.5	0.94	0.43
46.33	0.47	0.5	0
46.5	0.5	0	0
46.75	0.43	0.47	0.47
46.5	0.5	0.43	0.83
47	0	0	0.43
47.67	0.47	0	0.47
47.25	0.43	0.47	0.71
46.5	0.5	0.47	0.83
46	0	0.47	0.5
46.5	0.5	1.22	0.43
46.33	0.47	1.25	0.43
47.5	0.5	1.22	0.71
48	0	1.3	2.28
48	0	0.43	1.64
47.75	0.43	1.22	0
46.75	1.09	1.58	1.22
45.5	0.5	2.87	1.09
45.5	0.5	1.09	0.83
45.25	0.43	0	0.82
45.33	0.47	1.92	0.47
45.33	0.47	1.5	0
46	0.71	1.63	1.22
47.5	0.5	0.47	1.22
46.33	0.47	0.94	0.83
45.25	0.43	0.43	0
45	0	0	0.83
44.5	0.5	1.09	2.59
44.75	0.43	1.22	0.43
44.75	0.43	0	0.83
44.25	0.83	0.94	0.47
43.5	0.5	1.12	1.3
43.67	0.47	0	0.94
43.75	0.83	0.5	0.83
45	0	0	0.43
45	0	0.47	0.83
45	0	0.43	0.83
45	0	2.36	0.43
45.25	0.43	0	0.83
45	0	1.7	0.87
45	0	1.89	1.09
45	0	0.43	0.5
45	0	0.71	0.83
45.75	0.43	0.87	1.22
46.25	0.43	1.5	0.47
46.25	0.43	0.4	0.8
46	0.71	0.94	0.94
45.67	0.47	0.94	0.94
45.75	0.43	1.5	1
45	0	0.82	1.41
45	0	1.3	0.47
44	0.82	0.5	1.66
43.25	0.83	5.54	1.7
41.75	1.79	3.03	5.02
38.5	0.5	1	1
40.5	1.12	1.09	3.27
44.25	0.83	1.48	1.92
45	0	1.87	3.56
45	0	2.17	1.12
42.75	3.9	2.16	0.82
45	0	0.5	1.7
45	0	2.49	0.43
45.75	0.83	0.47	1.8
46.67	0.47	1.73	1
47.5	0.5	0.47	2.62
47.33	0.47	0	0.87
47.2	0.4	0.71	0.43
47	0	0.47	0.94
46.75	0.43	0.87	1.09
46	0.71	0.5	0.47
45.25	0.43	0.82	1.12
45.25	0.43	0.5	0.82
45.5	0.5	1.5	1.7
45	0	1.25	1.5
45	0	1.7	0.94
45	0	0	1.3
45.2	0.4	2.87	0.4
45.33	0.47	1.5	0
45	0	0.5	1.25
45.25	0.43	1	2.55
45	0	1.41	1.5
45.5	0.5	1.09	0.47
45.33	0.47	1	0
45.5	0.5	1.3	0
45.5	0.5	1.7	0
45.25	0.43	1.5	0
45.25	0.43	1.25	0
45.67	0.47	1.25	0
45	0	1	0
45	0	1.25	0
45.25	0.43	1.3	0
45.25	0.43	0.47	0
45.25	0.43	0.47	0
45	0	1.09	0
45	0	0	0
45	0	0	0
45.25	0.43	0.71	0
45.25	0.43	0.47	0
45.25	0.43	0	0
45.67	0.47	1.48	0
45.5	0.5	0	0.5
45.33	0.47	1	1.25
45.5	0.5	0.5	1.63
45.75	0.43	1.12	2.92
45.5	0.5	1.25	2.96
45.75	0.83	0.5	1.22
45.5	0.5	0.5	0.47
45.25	0.43	0	2.38
45	0	0	0
44.5	0.87	4.32	1.12
41.75	1.79	1.5	3.77
37.67	1.25	2.6	1.89
40	1	3.3	1.25
39.5	1.5	2	1.79
33.75	3.27	2.12	2.83
33.33	1.25	1.25	1.48
38	1.41	2.87	1.3
40.75	0.83	1.12	0.71
40.25	0.43	1.87	2.94
41	0.71	0.43	0.83
40	1	0.43	0.87
39.75	0.83	0	0.5
39	0	0	0.71
39.25	0.43	0	1.12
39.67	0.47	0.94	1
39.4	0.49	0.71	0.98
40	1	0.43	1.41
40.33	0.94	0.43	0
39.75	0.83	0.43	0.43
40	0.82	0.47	0.43
41	1	0.83	0
40.75	0.83	0.83	0
41	1	0.5	0.87
41.5	0.5	0.43	0.43
41.5	0.5	0	0.43
41.5	0.5	0	1.22
41.5	0.5	0	0.43
41.5	0.5	0	0.5
41.5	0.5	0	1
41.5	0.5	0.5	1.09
41.5	0.5	0.43	0.71
41.5	0.5	0	0.71
41.25	0.83	0	0.82
41.5	0.5	0	0
42	0	0	0.47
41.5	0.5	0.43	0.83
42	0	0	0.94
42	0	0	0.71
42	0	0	1.3
42	0	0	0.43
42	0	0	0.43
42	0	0	0.71
42	0	0	0.47
42	0	0	0
42	0	0.43	0.43
42	0	0	1.12
42	0	0.71	0.47
42	0	0.5	1.12
42	0	0.43	0.71
42	0	0.43	1.3
42	0	0.83	1.22
42	0	0.83	1.09
42	0	0.43	1.09
42	0	0.47	0.47
42	0	1.09	0.82
42	0	0.5	0.82
42	0	0.83	0.82
42	0	0	0.5
42	0	0.43	0.94
41.67	0.47	0.47	0
42	0	0.43	0.47
42	0	0.47	0.83
42.33	0.47	0	0.43
42	0	0	1.48
42	0	0	1.3
42	0	0.71	0.5
42	0	0.47	0
42	0	0	0
42	0	0	0.87
42.5	0.5	0.43	1.48
44.67	0.47	0	0.94
45	0	0.82	1.3
44	0.82	0.47	1.22
43.25	0.83	0.43	0.83
42.5	0.5	0.5	0.43
42.5	0.5	0.94	0.47
42.5	0.5	0.47	1.41
42.5	0.5	0.5	1.3
42.5	0.5	0.47	0
42.67	0.47	0.5	0.82
42.67	0.47	0.43	1.41
43	0.82	0.82	1
42.75	0.83	0.83	1.22
42.5	0.5	0.5	0.71
42.5	0.5	0	0.47
42.5	0.5	0.43	1.09
42.75	0.83	0.43	0.5
42.5	0.5	0	0.43
42.25	0.43	0	0.47
42.5	0.5	0	0.5
42	0	0	1
42.25	0.43	0	0.43
42	0	0	0.82
42	0	0	0.47
42.25	0.43	0.43	0.47
42.33	0.47	0.47	0.82
42	0	0	0.43
42	0	0	0.47
42	0	0	0.43
42.25	0.43	0.43	0.43
42.25	0.43	0.83	0
42.25	0.43	0.5	0.43
42	0	0.83	1.48
42.5	0.5	0.43	1.09
42.25	0.43	0.94	1.63
42.25	0.43	0.5	0.47
42.67	0.47	0.82	1.7
42.33	0.47	0.82	0.71
42	0	0.47	0.43
42.25	0.43	0.82	0.5
42	0	0.5	0.71
42	0	0.71	0.71
42.25	0.43	0.87	0.82
42	0	0.43	0.83
42	0	0.82	1.7
42.67	0.47	0.43	1.63
42.5	0.5	0	1.25
42.5	0.5	0	1.09
42.25	0.43	0.5	0.47
42.5	0.5	0.83	1.09
42	0	0	0.5
42	0	0.47	1.48
42.25	0.43	0.5	0.47
42.25	0.43	0.43	1.25
42.25	0.43	0.5	1.63
42.5	0.5	0	0.71
42.5	0.5	0	0.94
42.25	0.43	0	1.89
42.25	0.43	0	0.5
42.5	0.5	0.47	0.94
42.5	0.5	0.5	1.25
42.25	0.43	0.47	1
42	0	0.5	0.71
42	0	0.87	0.94
42	0	0.5	2.83
40.33	1.25	0	1.87
39.75	0.83	0.83	1.48
38.5	0.87	1	0.71
37.25	1.3	1.92	1.09
37.75	1.09	2.12	2
38.75	0.43	0.43	1.48
38.5	0.5	1.63	0.47
39	0	4.76	1.09
39	0	1.8	0
38.25	0.83	0.43	1.25
38	1.22	0	0.43
39.67	0.94	0.94	0.83
38.5	0.5	1.41	2.29
39	0	3.09	3.27
40	0.71	1.22	0.43
41.75	0.43	1.09	1.58
41.75	0.43	0.71	0.43
42	0	0	0.43
42	0	0.43	0.83
41.5	0.5	0.71	0.71
42	0	0.5	1.5
42	0	0.43	0.83
42.75	0.43	0.5	0.71
42.5	0.5	0.87	0.43
42.25	0.43	0.5	0.5
42.5	0.5	0.43	0
42.5	0.5	0.43	0.5
42.75	0.83	0.47	0.82
43.67	0.47	0	0.47
43.67	0.47	0	0.47
42.67	0.47	0.47	0.83
43	1	0.87	0.83
42.75	0.43	0.5	0.83
43	1	0.43	0.83
42.5	0.5	0.87	1.12
42.5	0.5	0	0.71
42.5	0.5	0.47	0.47
43.25	0.83	0	0
43.67	0.47	0.43	0.47
43.25	0.83	0.5	0.5
43.25	0.83	0.87	0.5
43.33	0.47	0.47	0.87
43.33	0.47	0	0.43
43.5	0.5	0.43	0.43
43.5	0.5	0.5	0.83
43.5	0.5	0	1.09
43.5	0.5	0	0.71
43.75	0.43	0.43	0.83
43.75	0.83	0.82	0.47
43.75	0.43	0.43	0.83
44	0.82	0	0.47
44.33	0.47	0	0.71
44.25	0.83	0.43	0.5
44.4	0.8	0	0.43
43.67	0.47	0	0.71
43.75	0.83	0	0.5
43.5	0.5	0	0.83
43.5	0.5	0.43	1.22
43.5	0.5	0	0.43
42.75	0.83	0.87	0.5
39	2.12	2.18	2.12
38	0.71	0.83	1.58
39	0	1.12	0.43
39.5	0.5	0.5	0
39.25	0.43	0.5	1.25
39.5	0.5	1.09	0.87
39.25	0.43	0.43	1.58
41	0.82	0.5	0.47
44.33	0.47	0.43	0.47
45	0	0.43	0.94
45	0	0	0.83
44.67	0.47	0.47	1.3
44.5	0.5	0.43	0.71
44.5	0.5	0.5	0.5
43.75	0.43	0.43	0.83
43.5	0.5	0.43	0
43.25	0.83	0.43	0.87
42.75	0.43	0.47	0.94
42.75	0.43	0.89	0.49
43.25	0.43	0.5	0.5
43.25	0.83	0.83	0.71
43.5	0.5	0	0.47
43.25	0.83	0	0
43.33	0.47	0	0.47
43.25	0.83	0.43	0
42.5	0.5	0.71	0.43
43.25	0.83	0.83	0
43.5	0.5	0.43	0.83
43.33	0.47	0	0.83
43.5	0.5	1	0.43
43.67	0.47	0.47	0
43.5	0.5	0.71	0.5
43.5	0.5	0.43	0
43.5	0.5	0.43	0.5
43.5	0.5	0.43	0.43
43	0.71	0.43	0.5
43.25	0.83	0.82	0.47
42	0	0.71	1.12
42	0	0	1.22
42	0	0.83	1.41
42	0	0.71	0.71
42.33	0.47	0	0.87
43.5	0.5	0.5	0
43.5	0.5	0.43	0.71
43	0.71	0.5	0
42.5	0.5	0.5	0
42.5	0.5	0.43	0.43
42.5	0.5	0	0.43
43.5	0.5	0.43	1.09
43.5	0.5	0.83	0.87
43.5	1.12	1.5	0.5
43.25	0.83	0.83	1.12
43.25	0.83	0.47	0.94
43.5	0.5	0.47	1.25
42.67	0.47	0.5	0.47
43.5	0.5	0.43	1.22
42.75	0.83	0.83	1.22
42.33	0.47	0.82	0.71
42.33	0.47	0.82	0.43
42	0	0.5	0.71
42	0	0.71	1.09
42.25	0.43	0.83	1
42	0	0	1
42.25	0.43	0	1.3
42	0	0	0
42.5	0.5	0	0
42.5	0.5	0	0.5
42.5	0.5	0	0
42.5	0.5	0.83	1.66
42.5	0.5	0	1.25
42.5	0.5	0.5	0.5
43	0.82	0.43	0.82
42.5	0.5	1.22	1.12
42.33	0.47	0	1.89
42.5	0.5	1.09	1.3
42	0	0.83	1.87
42.25	0.43	0.43	0.43
42.25	0.43	0.5	0.83
42.5	0.5	1.12	1.3
42.5	0.5	0.83	1.09
42.5	0.5	1.5	0.5
42.5	0.5	1.22	2.5
43	1	0.87	0.83
42.75	0.83	0	1.22
43	0.71	0.83	0.5
43	0.71	1.12	1.12
42.5	0.5	0	0.82
42.5	0.5	0.5	1.09
42.67	0.47	0.71	0.94
42.5	0.5	1.48	1.79
43.25	0.83	0	0.87
43.5	0.5	0.43	0
43	0.82	0	0.47
43.5	0.5	0	1
43.5	0.5	1.3	1.41
43.25	0.83	0	0.87
43	0.82	1	0.47
42.75	0.43	0.43	0.83
42.75	0.83	1.5	1.5
43.25	0.83	0	0
43	0.71	1.41	0.47
43.25	0.43	0	0.43
43.67	0.47	0.43	0.47
43	0.82	0.82	1.22
43	0.71	0	0.87
43.5	0.5	1.5	1.09
43	1	0	1.22
43.5	0.5	0	0
43.25	0.83	0.43	1
43.5	0.5	0	0.83
43.5	0.5	0	0.5
43.25	0.83	0	0.83
43.25	0.83	0	0.47
43.67	0.47	0.43	0.94
43.5	0.5	0.43	0
43.5	0.5	1.3	2.45
43	0.82	0	0.43
43.75	0.43	0	1.12
43.5	0.5	1	1.63
43.5	0.5	0	1
43.5	0.5	0	0.43
43.75	0.83	0	0.47
41.75	1.79	0.94	1.89
39	0	1.7	1.7
41.25	0.43	1.22	0.83
41.25	0.83	0.5	1
39.5	1.12	0.47	1.5
37	1.22	0.43	0
36.33	0.47	0.83	0.82
36	0	0.47	1.12
36.5	0.5	0.83	1.09
36	0	3.09	1.79
36	0	0	0.43
36.25	0.43	0.47	0
37	1	0.71	0.82
35.5	1.5	0	1.58
37.25	1.3	1.22	1.12
42	0	0	1.09
42	0	1.25	0.94
42	0	1.41	1
42	0	0.43	0
42	0	0	1.5
42.33	0.47	0.47	1.64
42	0	0.5	1.09
42.5	0.5	1.09	2.87
42.5	0.5	1.5	3.08
43.25	0.83	1.09	1.7
42.5	0.5	1.41	1.25
42.33	0.47	0.5	0.94
42.25	0.43	0.43	1.64
43	0.71	0	0
43.33	0.47	1.25	0.5
43.5	0.5	1.12	0.43
43.5	0.5	0	1.09
43.5	0.5	0	1.64
43.5	0.5	0.83	1.3
42.75	0.83	0	0.83
43.25	0.43	0.43	0.43
42.75	0.83	0.5	1.3
42.75	0.83	0	0.5
43.5	0.5	0	1.79
44.5	0.5	0	0.43
44.5	0.5	1.3	0.83
44.5	0.5	0	0.43
44.5	0.5	0.43	0.83
44.5	0.5	0	0.82
44.67	0.47	1.09	1.25
44.33	0.47	0	0.83
45	0	0	1.09
44.75	0.43	0	1.12
44.75	0.43	1.09	0.5
45	0	0.47	0
45	0	0.71	0.83
44.75	0.43	0.5	1
44.5	0.5	1.7	0.82
44.5	0.5	1.66	5.72
44.67	0.47	0.5	1.7
44.5	0.5	1.79	2.74
44.33	0.47	1.41	2.96
45	0	0.71	1.12
45	0	0	0.83
44.75	0.43	0	0.83
44.5	0.5	0.83	0.43
44.5	0.5	1.92	1.5
45	0	0.5	0.43
44.5	0.5	0.83	2.86
44.5	0.5	3.86	0.43
44.5	0.5	2.59	0.43
44.5	0.5	0.47	1.41
44.75	0.43	2.05	2.06
44.5	0.5	1	1.3
44.33	0.47	0.71	0.47
44	0.71	0	0.43
43.67	0.47	1.63	3.35
43.75	0.43	0.83	1.5
44.5	0.5	0	1.22
44.5	0.5	0.43	1.22
44.5	0.5	0.43	0.43
44.5	0.5	0.47	0.94
44.5	0.5	0.43	0.83
44.5	0.5	0.71	0.71
44.5	0.5	0	0.71
44.67	0.47	0.5	0.94
44.5	0.5	0.5	0.71
44.67	0.47	0	1.22
44.75	0.43	0.43	1.3
44.75	0.43	0.83	0.71
44.75	0.43	0.5	0.83
45	0	0.47	0.87
45	0	0	0
44.75	0.43	0.5	1
44.5	0.5	0.87	1
44.5	0.5	0.47	1.12
44.5	0.5	0.43	0.5
44.75	0.43	0.47	1.25
45	0	0.71	1.3
45	0	1.17	1.9
45	0	1.41	0.47
45	0	0.87	2.74
44.5	0.5	4.03	3.27
44.5	0.5	2.59	1.48
44.5	0.5	0.5	1.22
44.5	0.5	2.95	1
44	0.71	1.09	1.09
44.5	0.5	0.83	1.09
45	0	1.3	0.83
45	0	0.82	0.71
44.75	0.43	0.47	0.83
44.75	0.43	0.43	1.09
44.5	0.5	0.43	0.87
44.5	0.5	1.89	0.83
44.75	0.43	2.16	0.94
44.5	0.5	1	1.3
44.67	0.47	0	0.47
44.67	0.47	1.09	0.47
44.2	0.75	1.3	1.17
44.33	0.47	1.58	0.82
44.5	0.5	0.83	0.71
43.75	0.43	1.41	0.83
44.33	0.47	0	1.12
44.5	0.5	2.94	0.43
44.5	0.5	1.09	1.09
44.5	0.5	0.43	1
44.5	0.5	0.83	1.09
44.5	0.5	0.87	0.5
44.25	0.83	0.5	0
44.25	0.83	1.12	1.48
44.25	0.43	0.83	0.47
44.5	0.5	0.87	1.48
44.5	0.5	0.94	0
44.5	0.5	0.5	1.09
44.5	0.5	0	0.71
44.5	0.5	0	0.94
44.67	0.47	0	0.94
44.75	0.43	0	0.5
44.75	0.43	2.6	1.22
44.75	0.43	4.39	2.49
44.33	0.47	0.47	0.5
45	0	0	1.7
45	0	0	0.43
45	0	0	0
45	0	0.43	0
45	0	0.43	1.89
45	0	4.92	0
45	0	2.59	3.24
44.5	0.5	2.6	0.43
44.75	0.43	0	0
45	0	0.4	1.17
44.5	0.5	0.43	0.83
44.5	0.5	0.47	0.47
44.67	0.47	0.5	1.25
44.33	0.47	0	0.87
44.75	0.43	0	1.48
44.75	0.43	0.5	0.71
44.67	0.47	1.5	1.87
43.75	0.83	1.8	4.64
43	1	0.87	0.87
43.5	0.5	0.87	1.22
44.5	0.5	2.59	1.92
43.33	0.47	0	3.63
43.25	0.83	1.7	0.47
43.67	0.47	3.28	1.7
43.8	0.75	3.16	2.15
44	0	6.56	1.25
43.33	0.47	1.7	2.49
43.25	0.83	2.62	1.66
43.5	0.5	0.5	0.83
44	0	0.83	0.71
44.25	0.43	0.83	1.48
44.5	0.5	0	0.47
44.5	0.5	0.43	0.87
44.5	0.5	0.43	1.64
43.75	0.83	3.03	0.71
43	0.82	2	2.16
42.75	0.83	0	0.83
43.25	0.83	0.83	0.83
43.67	0.47	0	3.96
44	0.71	1.79	1.48
43.25	0.83	0.47	1.87
41.25	1.3	1.12	1.64
39.5	0.5	1.12	0
39	0.71	0	0.43
38	1	0.94	0.94
38	1.41	0.43	0.47
36.5	0.87	1.3	1.3
37.5	1.12	0.43	0.71
39	0	0.47	0.87
38.75	1.79	1.12	1.09
36.25	0.43	0	1.5
36.5	0.5	0	0.94
37.75	0.83	0.43	0.71
37.5	1.5	0	0.5
37	1	0	0.71
38	1	0.47	1.25
38	1	0.43	0.43
38	1	0	1.09
38	1	0.43	1.3
38	1	0.5	0.43
38	1	0.5	0.43
38	1	0	1.25
39.33	0.47	1.5	0.94
41.25	0.83	0.71	0
42	0	0.5	1.22
42	0	0.47	0
42.5	0.5	0.5	0.43
44.5	0.5	0	1.12
45.25	0.43	1.09	0.43
46.25	0.43	0	0.43
46	0.71	0.43	0
45.5	0.5	0	0
46	0.71	0.87	0.5
45.5	0.5	0.43	0.83
45.25	0.43	0.5	0
44.5	0.87	0.43	0.43
41.75	1.79	0.71	1
39.75	0.83	0	0.5
41	1.22	1	0.43
40.5	0.87	0.43	1.22
41.5	0.5	0	0.94
41.33	0.94	0.87	0.47
40.75	0.83	0.83	0.83
39.5	0.5	0	0.43
39.33	0.47	0.94	0.71
40.6	0.8	1.2	1.22
40.33	0.47	1.41	0.71
40.5	0.5	0	0.71
40.75	0.83	0.87	1.12
40.5	0.5	0.43	1.3
41.5	0.5	1.09	0.83
41.5	0.5	0.5	0.87
40.75	0.83	0.43	0.71
42	0	0	1.09
43.75	0.43	0	1.09
43.75	0.83	0.43	1.3
43.67	0.47	0.82	0.5
43	0.71	1.3	0
43.25	0.83	0	0.43
42.33	0.47	0	0
42.5	0.5	0.43	0
42	0	0.82	0.43
42	0	0.5	0.47
42.5	0.5	0.43	0.5
43.25	0.43	0.47	0
43.75	0.43	0.83	0
44	0	0	0
44.2	0.75	0.43	0
44	0.82	0.43	0
44	0.71	0	0.43
44	0.71	0.43	0.87
44.33	0.47	0	0.83
43.75	0.43	0.43	0.83
44.25	0.83	0.87	1.12
44.5	0.5	0.43	1.22
44.25	0.43	0	0.83
44.67	0.47	0	0.5
44.2	0.4	0	1.07
44.25	0.43	0.43	0.43
44.5	0.5	0	0.47
44.67	0.47	0.43	0.47
44.5	0.5	0	0.43
44.33	0.47	0	0.43
44.67	0.47	0	1.3
45	0	0	1.09
45	0	0.43	0.43
45	0	0.5	0.71
45	0	0.83	1.3
45	0	0.5	1.09
44.75	0.43	1.09	0.83
45	0	0.83	0.87
45	0	0.47	0.94
45	0	0	0.94
45	0	0.83	0.71
45	0	0.71	0
43.75	1.09	1.12	1.87
41	0.82	0.71	0.94
41	1	0.5	1.5
41.6	0.49	0.43	0.63
42.33	0.47	0.43	1.25
43.25	0.43	0	0.83
42.67	0.47	1.41	1.5
43.75	0.83	0.83	0.71
44.25	0.43	0.43	1.3
44.5	0.5	1.22	1.09
45	0	1.09	0.43
45	0	1.12	0
45	0	1.22	0.5
43.5	1.12	0.82	0.47
42.5	0.5	1.25	0.47
42	0	0.43	0.94
42.5	0.5	1	0.87
42.25	0.43	0.47	0
42.33	0.47	0	0.43
42.25	0.43	0.47	1.09
42.25	0.43	0.47	0.5
42.75	0.43	0.83	1.12
43	0.71	0.71	0.87
43.5	0.5	0.43	1.09
43.75	0.43	0.5	1.22
44	0	0	0.47
43.5	0.5	1.22	0.5
44.25	0.43	0.87	0.71
43.75	0.43	0.5	0.83
44	0.71	0.43	1.3
44.67	0.47	0.83	0.94
44.25	0.43	1.09	0.43
44.5	0.5	0.43	0.83
44.33	0.47	0.94	0.71
44.25	0.83	0.43	1.12
43.75	0.43	0.87	1.09
44	0.71	0	0.5
44.5	0.5	0.43	1.3
44.5	0.5	0	0.94
44.5	0.5	0.87	0
44.67	0.47	1.3	0.47
44	0	0.43	0.47
44	0.82	0.5	0.47
43.33	0.47	0	0.87
43.5	0.5	0	0.87
43.5	0.5	0	0.43
44	0	0	0.43
44.25	0.43	0	1.3
44.5	0.5	0	0.87
44.5	0.5	0	0
44.5	0.5	0	0.71
44.33	0.47	0	1.25
44.5	0.5	0	0.43
44.5	0.5	0	1.3
44.5	0.5	0.5	1.3
44.5	0.5	0.47	0
45	0	0.43	0.94
44.5	0.5	0.5	0.87
44.5	0.5	0.87	1.3
44.33	0.47	0.47	0
44.33	0.47	0.94	1.3
44.5	0.5	0.43	1.12
44.5	0.5	0	0.71
44.5	0.5	1.5	1.12
44.75	0.43	1.3	1.22
45	0	1.12	1.64
45	0	2.12	1.3
44.75	0.43	2.77	1.09
44.67	0.47	3	0
44.25	0.83	0	1.09
44.5	0.5	0.82	0.43
45	0	0.43	1.63
45	0	2.77	0.87
44.75	0.43	0.5	1.09
44.33	0.47	0	1.41
44.75	0.43	0.5	0.71
44.5	0.5	1.92	1
44.5	0.5	1.64	0.43
44.5	0.5	4.19	1.22
44.5	0.5	1.7	1
44.5	0.5	1	0
44.5	0.5	0.94	0.47
44.67	0.47	0.83	0.47
44.5	0.5	2.74	1.09
44.5	0.5	1.3	1.3
44.75	0.43	1.3	1
45	0	0.71	0.71
45	0	1.3	1.3
45	0	0.5	0.71
45	0	0.82	0
45	0	0	1.3
45	0	1.41	0.43
44.75	0.43	2.68	0.71
44.75	0.43	0	0.82
44.5	0.5	0.5	0
44.5	0.5	0.83	1.3
45	0	0.82	0.47
44.75	0.43	0.82	0.43
44.75	0.43	0.71	1.66
44.67	0.47	0.5	0
45	0	0.43	1.41
44.75	0.43	1.25	0.71
43.5	1.12	3.11	2.55
41.75	0.43	1	2.12
40.25	1.09	1.63	1.64
38.75	0.83	1.3	1.64
40.25	1.3	0.43	1.09
42.67	0.47	0.94	0.5
41.75	0.43	0.83	0.87
42	0	0.43	0.43
41.75	0.43	0.87	0.71
37	1.73	0	0.83
37.5	1.5	1.12	2.59
41.25	0.83	0.5	2.28
43.25	0.43	1.48	1.41
42	0.71	2.29	4.12
41.5	0.87	0.43	0.43
43	0.71	0.5	0.71
44.25	0.43	0.47	1.25
44.5	0.5	0.71	0.43
44.5	0.5	0	1.25
44	0.63	0	1.09
44	0.82	0.47	1.5
45	0	0.87	0.43
45.25	0.43	0.5	0.83
45.5	0.5	0	0.5
45	0	0.43	0.43
45	0	0.43	0
45	0	0.5	0.43
45	0	0	0.5
45	0	0	0.43
45	0	0	0.43
45	0	0.43	0.43
44.5	0.87	0.83	3.03
44	0.71	0.43	0.43
43.75	0.43	0.47	1.7
44.67	0.47	0	0.43
45	0	0.43	0.87
45.25	0.43	0.43	1.48
45.33	0.47	0.43	0.47
45.5	0.5	0.71	0
45.25	0.43	0	0.43
45	0	0.82	0.5
45.25	0.43	0.5	0.43
45.5	0.5	0	0
45.5	0.5	0.43	0.43
45.25	0.43	0.71	0.71
45.25	0.43	0	0.83
45.25	0.43	0.5	0.83
45	0	1	1.12
45.25	0.43	0.71	0.83
45.25	0.43	0.87	0.71
45	0	0.83	1.22
45	0	0.47	0.94
45	0	0.43	0.5
45.25	0.43	0.5	0.43
45.33	0.47	0.43	0.47
45.5	0.5	0.43	0.83
45	0	0.83	0.83
45.33	0.47	0	0.43
45.5	0.5	0.43	0
45.5	0.5	0.5	0.43
45.25	0.43	0.43	0
45.5	0.5	0	0.43
45.5	0.5	0.43	0.43
45.5	0.5	0.43	1.09
45.5	0.5	0.47	1.25
45.33	0.47	0.5	0
45.5	0.5	0.43	0
45.25	0.43	0	0.5
45	0	0	0.83
45	0	0	0.5
45	0	0.5	1.09
45	0	0.43	0.83
45.5	0.5	0.5	1.09
45.25	0.43	0.5	0.5
45.33	0.47	1.25	0.5
45.67	0.47	0.43	1
45.25	0.43	0	0.43
45.33	0.47	0.43	0.47
45.5	0.5	0.83	0.87
45.5	0.5	0.43	0.83
45.25	0.43	0.43	0.71
45.25	0.43	0.43	1
45	0	0	0.82
45.25	0.43	0.43	1.22
45.5	0.5	0.43	0.5
45	0	0.5	0.83
45	0	1.48	1.87
45	0	0.5	0
45.25	0.43	0.43	0.43
45.25	0.43	0.87	0.87
45.25	0.43	1.22	1
45.5	0.5	0.87	0.43
45.5	0.5	0.43	0.43
45.5	0.5	0.5	0
45.75	0.43	0.5	0.43
45.75	0.43	0.47	0
46.5	0.5	0.43	0.43
45.67	0.47	0	0
46	0	0.47	0.82
46	0	0	0.5
46.25	0.43	0.43	0.43
45.75	0.83	0	0
46.5	0.5	0.71	0.87
46.25	0.43	0.43	0.71
46	0.71	0.43	0.5
46	1	0	0.43
45.5	0.5	0.47	0
46.25	0.83	0.43	0.5
45.75	0.43	0.43	0.43
46	0	0.5	0.5
45.67	0.47	0	0.47
45.5	0.5	0.43	0.5
46	0.82	0	0.43
46.33	0.47	0	0.43
45.75	0.43	0.43	0.43
46.25	0.83	0.43	0.71
46.25	0.83	0	0
46.25	0.83	0	0.5
46.5	0.5	0	0.47
46.25	0.43	0.5	0.43
46.5	0.5	0.87	0.5
46.33	0.47	0.43	0.94
46.25	0.43	0.5	0.5
46.5	0.5	0.43	0
46.33	0.47	0	0.71
45.5	0.5	0.5	1
44.75	0.43	1.41	1.5
42.75	0.83	2.96	2.83
41.75	0.43	1.5	2.5
40.5	1.12	1.58	1.5
39.5	0.5	0	0.47
39.5	0.5	0.43	1.48
39.25	0.43	0.47	2.83
39.33	0.47	1.12	0.47
40	0.82	2.05	1.73
41.5	0.5	0.87	0.43
41.75	0.43	1.12	0
41.75	0.43	0	1.09
41.75	0.43	0	0.94
42	0	0	1.48
42	0	0.43	1.87
44	0.71	0	1.22
44.5	0.5	0	0
44.5	0.5	0	0.47
44.5	0.5	0.43	0
44.67	0.47	0	0.47
44.5	0.5	0	0.87
44.33	0.47	0	0.43
44.5	0.5	0	0
45	0	0	0.5
45	0	0	0
45	0	0	0.43
45	0	0.71	0
45	0	0.94	0
45	0	0	0.43
45	0	0.5	0.82
45	0	0.5	0.83
45	0	0	0.83
45	0	0.49	0.43
45	0	0.47	0
44	1.22	0.43	1.09
42.5	0.5	1.22	0.83
43.75	0.43	0.83	1.3
45	0	0.43	0.43
44.25	0.83	0	1.3
43.75	0.43	0.43	0.83
43	1	0.43	0.83
42.5	0.5	0.43	0
43.25	0.43	0.71	0.87
43.5	0.5	0	0.47
43.67	0.47	0.71	0.47
43	0.82	0.43	0.47
42.67	0.47	0.47	0.43
43.25	0.43	0	0.71
42.75	0.83	0	1.5
42.25	0.43	0	0.43
42.75	0.43	1.22	1.09
44.33	0.47	0.94	0
44.4	0.49	0.4	1.8
43.5	1.12	0.47	0.82
42.5	0.5	1.3	1.12
42.5	0.5	1.92	1.09
42	0	0.83	3.09
42.25	0.43	0	0
42.33	0.47	0.94	3.35
42	0	0.43	1.89
42	0	1.7	3.74
42	0	1.48	0.94
42.75	0.83	2.49	3.2
44.5	0.5	1.25	2.12
45	0	1.8	0
45	0	0.82	0.47
45	0	0.5	0
45	0	0	0
45	0	0.43	0.43
45	0	0.5	0.47
45	0	0	0.43
45	0	0.5	0.43
45	0	0	0.43
45.25	0.43	0	1.12
45.5	0.5	0	0.83
45.33	0.47	0	0.43
45.75	0.83	0	0
45.5	0.5	0	0.43
45.5	0.5	0.43	0
45.75	0.43	0	0.5
45.5	0.5	0.43	0
45.5	0.5	0.5	1
45.5	0.5	0.47	0.47
45.75	0.83	0.43	0.87
45.5	0.5	0.47	0
45.5	0.5	0.71	0.5
46	0	0	0.47
45.5	0.5	0	0.5
45.33	0.47	0.47	0.43
45.75	0.43	0.47	0.47
45.5	0.5	0.5	0.43
45.5	0.5	0.5	0.43
45.5	0.5	0	0.5
45.5	0.5	0	0.43
45.5	0.5	0.43	0.5
45.5	0.5	0.43	0.43
45.5	0.5	0.47	0
45.5	0.5	0.5	0.83
45.67	0.47	0.5	0.47
45.5	0.5	0	0.43
45.67	0.47	0.43	0.47
45.5	0.5	0	0.5
46	1	0.5	0
45.75	0.43	0	0
45.75	0.83	0.43	0.43
46	0.82	0.47	0
45.75	0.43	0.83	0.43
45.5	0.5	0.43	0.43
45.5	0.5	0.5	0.83
45.5	0.5	0.43	0.83
45.5	0.5	0	1
45.5	0.5	0.43	1.09
45.5	0.5	0.43	1.22
45.25	0.43	0.43	1.12
45.5	0.5	0	0.83
45.5	0.5	0	0.82
45.25	0.43	0	0.71
45.67	0.47	0.43	0.47
45.33	0.47	0.47	0.71
45.5	0.5	0.43	1
45.5	0.5	0	1.3
45.5	0.5	0	0.83
45.5	0.5	0	0.43
45.5	0.5	0.43	0.71
45.5	0.5	0.47	0.82
45.5	0.5	0.5	0.5
45.75	0.83	0.5	0
45.75	0.43	0.43	0.43
46	0	0.5	0.47
45.5	0.5	0.43	0
45.67	0.94	0	0.5
45.5	0.5	0	0
45.5	0.5	0	0
45.64	0.48	0.57	1.02
45.64	0.48	0.57	1.02
45.5	0.5	0.47	0.47
45.5	0.5	0.5	0.71
45.67	0.47	0.43	0
45.5	0.5	0.43	0.43
45.5	0.5	0.43	0.43
45.5	0.5	0.43	0.71
45.75	0.43	0.43	0.43
45.75	0.43	0	0.87
45	0	0.47	0.83
44.75	0.43	1.8	2.49
42.5	2.18	0.71	0.83
36	2.12	0.5	1.5
40	2.45	0.83	1.92
43.25	0.83	1.3	0.82
42.75	0.83	0.43	2.05
42.25	0.43	1.22	1.5
42	0	0	0.43
42.5	0.5	1.25	1.63
44.5	0.5	3.86	1.66
45	0	1.48	0.94
44.67	0.47	0.47	0
45	0	0.47	1.7
45	0	0.47	0
45.75	0.83	1.3	2.68
45	0	0.5	1.5
43.25	1.09	0.83	0
41.75	0.43	1.12	2.5
40.75	1.3	3.74	0.94
42.5	0.5	2.29	1.09
43.75	0.43	0	0.43
44.75	0.43	0.43	1.12
45	0	0.83	0.83
45	0	2.74	1.79
45	0	2.16	1.25
45	0	0.5	0
45	0	0.47	5.73
43	1.22	1.3	1.12
41	1.22	5.85	1.22
39.5	0.5	0.71	2.17
36.75	1.3	0.83	2.18
36.5	0.5	0	0.83
39	0	0	1.87
40.75	0.83	0.71	2.12
41.5	0.5	0.71	0.5
41.5	0.5	0	0.82
41	0.71	0	1.02
41	1	0	0.5
41.5	0.5	0	0
42	0	0.71	0.82
42	0	0.87	0.43
41.75	0.43	0.43	0.43
41.67	0.47	0.43	0.5
41.33	0.47	0.47	1.5
41.33	0.47	0.47	1.3
41.5	0.5	0	1.87
42	0	0	0.5
42	0	0	1.7
42	0	0.5	1.25
42	0	0	1.25
42	0	0.47	0
42	0	0	1.41
42	0	0	1.5
42	0	0	0
42	0	0.47	0
42	0	0	0
42	0	0	1.3
42	0	0	0.94
42	0	0.87	0.71
42	0	0	0.82
41.75	0.43	0.87	2.45
39.25	1.79	2	1.41
38	1.22	2.38	0
36.67	0.94	1.79	0.47
36	0	1.25	0.87
36	0	2.29	0.83
36	0	1.25	0.47
37.5	1.5	0.98	0
37.5	1.12	0.43	2.12
37.25	1.3	0.43	0.71
36.25	0.43	0	0.94
36	0	1.26	0.49
36	0	0.47	0.94
36.75	0.83	0	0
38.67	0.47	0.94	0.47
39	0	0.47	0
39.5	0.5	0.43	0.43
39.75	0.83	0	0.83
40	1	0.43	0.71
38.5	1.5	0.43	0.71
36.25	0.43	0	1.09
35.5	0.87	0.47	0.94
36	0	1.3	0.47
36	0	0.87	1.5
36	0	0.43	1.79
36	0	0.83	1
36	0	0	0.5
36	0	0	0.43
36	0	0	1.3
36	0	1	1.22
36	0	0.87	1.22
36	0	0	0.5
36	0	0	0.43
36	0	0	0.43
36	0	0.43	1.09
36	0	0	0.82
36	0	0	0.94
36	0	0.43	0.94
35.5	0.87	0	0.83
35	1.41	0	0.71
35.25	1.3	0.43	0.87
36	0	0.43	0
36	0	0	0.83
35.5	0.87	0.43	0.47
36	0	0.43	1.64
36	0	0.83	1.87
36	0	0.43	1.09
36	0	0.5	1.5
36	0	0	1.3
36	0	0	1.3
35.25	1.3	0	0
36	0	0.43	0.82
35.25	1.3	0.43	0.83
35.25	1.3	0.83	0.83
35.25	1.3	0.71	0.5
35	1.41	0	1.09
35.4	1.2	0.89	0.43
35	1.41	0.47	0.43
36	0	0.43	1.09
35.75	0.43	0.5	1.41
33.75	1.3	0	1.5
33.75	1.3	0.43	0.43
32.75	0.43	0.87	0.83
33	0	1.12	0.43
39.75	3.34	4.44	0.83
46	0.71	3.09	0.47
45.25	0.43	0.43	1.09
44.33	0.47	2.68	2.36
44	0.71	2.16	3.77
45.33	0.47	0.82	2.74
40.5	2.5	1.58	0.5
34.25	2.77	0.83	2.29
35	1.22	3.49	3.74
36.25	0.43	2.95	1.87
35.25	1.3	0.47	0.47
35.25	1.3	0.47	0.47
41.33	1.7	0.43	0.94
45	0	0	1.25
44	1	0	1.48
38	2	0	1.3
35.33	1.7	0.47	1.5
38.75	0.43	0.5	0.43
40	0.71	0.43	0.43
39.5	1.12	0.43	0.83
39.25	0.43	0	0.83
39.5	0.5	0	0.43
39.33	0.47	0	0.43
39.5	0.5	0	0.47
39.25	0.43	0	0.87
39	0	0	0.94
39.33	0.47	0.47	1.5
42.67	0.94	0.47	3.3
46.75	1.09	1.73	0
47	1.22	1.22	1.09
45	0.71	0.43	0.47
42.5	0.87	0.83	2.83
41.75	0.43	0	2.06
41.5	0.5	0	1.41
41.5	0.5	0.43	0.43
40.67	1.25	0.43	0
40	0.82	0.47	0
40.33	0.47	0	0.43
41.25	0.43	0.5	0.5
41.25	0.83	0.5	0.5
41	0.71	0.43	0.83
41.25	0.83	0	0.43
41	0.71	0	0.83
41.5	0.5	0	1
40.75	0.83	0.47	0.82
41	0.71	0.47	0
41.5	0.5	0.71	0
41.5	0.5	0.43	0.5
41.67	0.47	0.5	0.47
41.75	0.43	1.22	0.5
41.75	0.43	0.43	1.92
42	0	0.43	0.71
42	0	0.47	0.83
42	0	0.71	0.71
41.5	0.5	0.71	0.87
41.25	0.83	0.5	0.5
40.5	0.5	0.43	0.71
41.25	0.83	0.43	0.71
41.5	0.5	0.43	0.83
41.5	0.5	0.43	0.83
41.5	0.5	0.5	0.83
41.5	0.5	0.43	0.83
41.5	0.5	0.47	0.47
41.5	0.5	0	0.43
41.5	0.5	0.43	0.43
41.67	0.47	0.43	0.5
41.5	0.5	0	1.12
41.33	0.47	0.47	0.5
41.75	0.43	0.43	0.83
41.5	0.5	0.43	0.71
42	0	0.43	0.5
42	0	0.43	0.71
42	0	0	0.83
42	0	0	0.83
41.75	0.43	0	0
41	0.82	0	0.47
41.5	0.5	0.43	0.83
42	0	0	1.48
42	0	0	0.83
41.5	0.5	0.43	1.12
40.5	1.12	0	1.48
40.5	0.5	0	1.09
40	0.71	0	0.71
40.5	0.5	0	0.83
41	1	0	0.5
40	1	0	0.43
41	0.71	0	0.82
41.25	0.83	0	0.43
40.67	0.47	0.5	1.41
40.25	0.83	0	1.5
40.5	0.5	0	1.3
40.67	0.94	0	1.09
41	1	0	0.43
41.5	0.5	0	0.83
41.25	0.83	0	1.09
40.5	0.5	0.43	0.87
40.75	0.83	0	0.83
41	0.71	0.43	0.43
41.5	0.5	0.47	0.47
41.25	0.83	0.5	0.43
40.75	0.83	0.43	0.43
41	0.82	0.43	0
41	1	0	1.09
40.75	0.83	0	0
41	0.71	0.43	0.5
41.5	0.5	0.43	2.29
41.5	0.5	0.43	0.47
40.67	0.94	0.47	0.82
40.25	0.83	0.43	0.5
39.5	0.87	0	0.83
39	0	0	1.25
39.25	0.43	1.12	1
41.25	0.43	0	0.83
41.75	0.43	0.47	0
42	0	0.71	0.47
42.33	0.47	0.5	0
42	0	0.83	1.09
42	0	0.47	0.43
42	0	0.43	0.43
41.5	0.5	0	0.5
41.25	0.83	0	0.43
40.5	1.12	0.47	0
39.5	0.5	0	0.89
39.5	0.5	0.5	0.71
41	0.71	0.43	0.5
40.75	0.83	0.5	0.83
41.5	0.5	0.47	0.47
41.5	0.5	0.43	0.43
41.5	0.5	0.5	1.3
41.67	0.47	0.5	0.82
41.5	0.5	0	0.5
40.67	0.94	0.47	0.83
41	0.71	0.43	1.3
41.25	0.83	0	0.43
41.5	0.5	0	1
41.5	0.5	0	1.3
41.5	0.5	0	0.83
41.75	0.43	0.47	0.82
42	0	0.43	1.3
42	0	0	0.82
42	0	0	1
41.67	0.47	0.47	0.83
42	0	0	0.83
42	0	0	0.87
42	0	0.43	1
42	0	0	1.5
41.75	0.43	0	1.09
40.75	0.83	0.5	0
39.5	0.5	0	1.5
38.75	0.43	0	0.83
40.5	1.12	0.82	0.47
42	0	0.43	1.25
41.67	0.47	0.47	0.83
41.75	0.43	0.5	0.5
42	0	0	0.43
42	0	0.43	1.12
42	0	0.5	0.82
42	0	0.5	0.43
42	0	0.43	0.43
42	0	0	0
42	0	0.49	0.49
42	0	0.47	0.47
41.67	0.47	0	0.94
41.67	0.47	0	0.47
41.75	0.43	0	0.71
41.67	0.47	0	0.83
42	0	0.47	0.43
42	0	0.43	0.83
42	0	0.5	0.5
42	0	0.5	0.43
42	0	0	0.83
42	0	0	0
42	0	0	0.43
42	0	0.5	0.5
42	0	0	0
42	0	0	0.43
42	0	0	0.5
42	0	0	0.83
42	0	0	0.94
42	0	0.5	1.3
42	0	0.43	0.83
42	0	0.71	1.3
40.25	1.3	1.3	0
35	2.55	0.47	2.59
30	0	1.25	0.71
33.5	1.5	1.22	1.12
39.25	0.83	1.66	0
39	1.41	1	1.3
36.5	0.87	2.59	0
36.75	0.83	2.49	0.83
37.5	0.5	2.05	1.22
38.75	0.43	1.09	1.92
39.25	0.43	0.47	0.94
36.75	1.3	0.83	3.09
36	0	1.5	1.25
37.75	0.83	2.69	3.57
40	0.71	0.71	0.83
40.5	0.5	0	0
39.75	0.83	0.71	1.09
40.33	0.47	0.43	0.82
41.67	0.47	0.47	1.22
42.5	0.5	0.5	0.71
42	0	0.71	0.43
42.25	0.43	0.43	0.5
42.5	0.5	0	0.71
42.5	0.5	0.5	0.43
42.5	0.5	0.43	0.87
42.5	0.5	0.47	0.47
42	0	0.5	0.43
42.67	0.47	0.43	0
42	0	0.5	0.94
42	0	0.47	0.5
42.5	0.5	0.43	0.5
42.25	0.43	0.43	0.83
42	0	0.43	0.5
42	0	0.43	0.87
42.25	0.43	0.43	0.5
42.5	0.5	0.5	0.5
42.5	0.5	0.43	0.83
42.5	0.5	0.47	0.94
42.25	0.43	0.43	1.09
42	0	0	0.83
42	0	0	0.47
41.75	0.43	0	1.5
42.67	0.47	0	0.83
42.75	0.43	0.5	0.43
42.5	0.5	0.5	0
42.75	0.43	0.43	0.83
43.5	0.5	0	0.5
43.75	0.43	0.5	0.87
43.5	0.5	0.43	0.5
43.75	0.83	0.5	0.5
43.5	0.5	0.47	0.47
43.5	0.5	0.43	0.43
43.67	0.47	0.43	0.47
44	0.82	0	0
44.5	0.5	0.83	0
44.33	0.47	0	0
44.25	0.83	0.43	0.5
44.5	0.5	0	0.87
44.5	0.5	0	0.83
44.5	0.5	0.43	1.5
43.75	0.83	0	1.22
44	0.71	1	2.05
42.75	0.83	0	0
41.75	0.43	0.47	2.16
39.5	1.8	1	1.22
37	1.22	1.2	0.75
33.75	1.3	4	2.12
36	0	2.5	0.47
37	1	3.2	1.8
38.75	0.43	0.71	0
39.5	0.5	2.16	3.16
37	1.22	1.48	2.5
37	1.41	0	0.94
40.67	0.94	1.3	1.41
41.75	0.43	1.5	1.66
42.25	0.43	2.69	0.83
43.25	0.83	1.09	4.44
43.33	0.47	0.82	3.94
43.25	0.83	0	0.94
43.25	0.83	0.43	1.12
43	1	0	0.83
42.25	0.43	0	1.63
42	0	0	2.59
42	0	0	0.82
42.75	0.83	0	0
43.75	0.43	0	0
43.75	0.83	1	0.43
43.67	0.47	0.43	1.41
43.75	0.83	0.43	1.12
44.33	0.47	0	0.83
44.25	0.43	0	0.83
44.5	0.5	0.43	0.83
44.5	0.5	0.5	0.83
43.5	0.5	0.43	0.94
43.5	0.5	0	1.8
43.5	0.5	0	0.43
44	0.71	0.47	0.82
43.5	0.5	0.43	0.87
43.67	0.47	0	0.47
43.5	0.5	0	0.5
43.5	0.5	0	0.83
43.5	0.5	0	0.83
43.25	0.83	0.43	1.09
43.33	0.47	0	0.47
43.5	0.5	0	1.09
43.75	0.43	0.5	0.71
44.5	0.87	0.94	0.94
42.5	0.87	0.43	1.3
41.33	0.47	0.5	1.41
38.5	0.87	0.5	0.71
38	1	0.87	0.87
36.67	0.94	1.25	0.83
38.67	0.47	0	0
41.25	0.43	1.12	2.6
41	1.22	1.3	2.55
39.5	0.87	2	1.3
38	1.22	1.22	3.27
37	0.71	2.83	1.48
38.75	0.43	0.94	0.82
37.5	1.12	0	1.79
36.33	0.47	1.3	1.25
36.75	0.83	3.94	1.09
37.75	1.3	0.71	2.29
38.33	0.47	2.87	0.94
38.75	0.43	2.59	0.83
39	0	0.71	4.36
39	0	0	0.83
41.5	0.5	0	1.87
44.5	0.5	0	1.79
45	0	0	0.94
45	0	0.43	0.71
45	0	0.43	1.12
45	0	0.43	1.22
45	0	0	0.5
45	0	0	1.3
45	0	0.43	1.22
45	0	0.43	0.83
45	0	0.47	0.83
45	0	0.43	0.71
45	0	0.43	1.12
45	0	0.43	1
45	0	0	0.5
45	0	0	0.83
45	0	0.43	0.87
45	0	0	0.47
45	0	0	0
45	0	0	0.47
45	0	0	0.43
45	0	0	0.43
45	0	0	0
45	0	0	0.43
45	0	0	0
45	0	0	0
45	0	0.43	0.71
45	0	0.5	0.71
45	0	0	0.83
45	0	0	0.87
45	0	0	0.47
45	0	0	0.43
45	0	0	0.83
45	0	0	0.5
45	0	0	0.5
45	0	0	1
45	0	0	1.41
45	0	1.22	1.5
45	0	2.05	2.83
45	0	1.79	2.45
44.67	0.47	1.41	1.73
40.75	2.95	0.87	1.12
38	1.22	0.83	1.48
40.75	0.83	0.43	1.09
42.25	0.43	1.41	1.7
43.75	0.43	3.03	0.71
45	0	1.87	2.69
45	0	0.43	2.49
43	1	2.28	1.3
38.5	0.87	0.87	0
37.67	0.94	1.63	1.09
38.75	0.43	7.5	0.43
39	0	0.87	2.94
40.5	0.5	2.87	0.5
38.5	1.5	1.3	2.49
33.75	1.3	0	0.87
37.75	1.3	0	0.47
41.25	0.83	0.47	2.45
42.5	0.5	3.3	0.82
43.67	0.47	1.66	4.64
42.5	0.5	0.5	1.41
42.25	0.43	0	1.3
42.33	0.47	0.47	2.49
42.75	0.43	0	1.22
43.25	0.43	0.43	1.22
43.5	0.5	0.43	0
43.75	0.43	0.43	0.71
43.5	0.5	0	0.47
43.75	0.43	0	0.83
44	1	0.47	0.47
43.75	0.43	0.43	1
43.5	0.5	0.43	0.83
44.67	0.47	0	0.82
44	1	0.43	0.83
44	0.71	0.43	0.47
43.33	0.47	0	1.12
44.25	0.43	0.5	0.82
43.75	0.43	0.43	0.43
43.75	0.43	0.43	0.5
43.75	0.83	0	1.09
44.25	0.43	0	0.47
44.5	0.5	0.5	1.22
45	0	0.43	0
44.67	0.47	0.47	0.82
45	0	0.43	0.43
45	0	0.43	0.71
45	0	0.43	0.83
44.75	0.43	0.83	1.09
43.5	1.12	0	0.43
42	0	0.43	2.69
41.5	0.87	0.43	1.3
41.75	0.43	0.5	0.47
43.25	0.83	0.43	1.87
45	0	0	0.5
45	0	0	1.25
45	0	0.43	1.25
45	0	0.5	0.94
45	0	0	0.47
45	0	0.71	0.43
45	0	0	0.43
45	0	0	0.5
45	0	0	2.05
45	0	0.43	0.94
45	0	0.43	0.94
45	0	0	1.12
45	0	0	1.63
44.75	0.43	0.5	0
44.33	0.47	0	0
43	0.71	0.43	1.22
42.33	0.47	0.47	1.48
42.25	0.43	0.71	1.3
42	0	0.5	0.87
43.5	0.5	0	0.82
45	0	0.43	1
44.5	0.5	0	0.71
44.5	0.5	0	1
44.75	0.43	0	0.43
45	0	0.47	0.47
45	0	0.43	0.43
45	0	0.43	1.09
45	0	0	0.47
45	0	0	0
45.33	0.47	0	0.94
45	0	0.43	2.49
44.25	0.83	0.5	0
43.5	0.5	0.43	2.17
42.75	0.83	0	2.49
42.25	0.43	0	1.09
41.5	0.87	0	2.28
39.25	1.79	0.87	2.45
39	0.71	1.64	1.5
42.75	0.83	1.79	0.43
45	0	0.47	0.82
46.67	0.47	0	0.47
46.5	0.5	0.83	2.17
44	1.41	0	1.5
39.5	1.8	2.35	3.91
42	0	0.43	4.06
44	0.71	0	1.25
43.25	0.83	0	1
42.75	0.83	0	0.71
42.25	0.43	0	0.94
42.67	0.94	0	0.82
44.33	0.47	0	0
44.33	0.47	0	0.87
44.25	0.43	0	1.25
43.5	0.5	0.43	0.47
42.5	0.5	0.71	0.71
43.25	0.83	0.43	0.71
43.5	0.5	0.43	1.5
44.25	0.43	0.5	1.3
44.25	0.83	0.47	1.25
43.5	0.5	0.5	0.87
44	0.82	0	0
43.5	0.5	0	1.09
43.5	0.5	0	0.43
43.67	1	0.43	0
44.33	0.47	0.47	0.83
45	0	0.43	0.83
45	0	0.5	0.43
45	0	0.5	0.43
45	0	0.5	1.5
45	0	0.43	1
45	0	0	1
45	0	0	0.83
45	0	0.43	1
45	0	0	0.43
45	0	0.43	0.43
45	0	0.5	0.43
45	0	0.5	0.83
45	0	0.43	0.87
45	0	0.5	0.43
45	0	0	1.3
45	0	0.43	0.83
45	0	0.47	0
45	0	0.5	0.94
45	0	0	0.5
45	0	0	0.43
45	0	0.47	0.5
45	0	0.43	0.5
45	0	0.5	0
45	0	0	0.5
45	0	0.43	0.43
45	0	0.5	0.5
45	0	0.43	0.87
45	0	0.43	0.43
45	0	0.47	0.71
45	0	0.47	0
45	0	0.5	0.83
45	0	0.43	0.82
45	0	0	0.83
44.67	0.47	0	1.22
44.5	0.5	0.43	0.71
44.5	0.5	0	0.5
45	0	0.5	0
45	0	0.43	0.43
45	0	0	0.5
45	0	0.43	0.43
45	0	0.5	1.22
45	0	0	1
45	0	0	0.47
45	0	0.47	0
45	0	0.5	0
45.5	0.5	0.43	0
45.67	0.47	0	0.82
45	0	0.43	1.25
45	0	0.43	0.71
45	0	0.47	1.3
45	0	0	0.83
45	0	0.49	0.5
45	0	0.47	0.83
45	0	0.5	0.47
45	0	0	1.09
45	0	0	0.83
45	0	0.5	1
45	0	0	0.43
44.75	0.43	0.43	0
44.5	0.5	0.5	0.5
45	0	0.71	1.48
45	0	0.5	0.83
45	0	0.43	1.12
45	0	0	0.87
45	0	0.5	0.47
45.25	0.43	0.5	2.06
45	0	0	1.25
45	0	0	1.3
45	0	0	1
45	0	0.43	1.5
44.5	0.5	0	1.09
44.75	0.43	0.5	0.5
44.75	0.43	0.5	0.83
44.75	0.43	0.43	0.83
45	0	0.43	0
45	0	0.43	0.5
45	0	0	0
44.75	0.43	0.43	0.83
44.33	0.47	0.43	1
43.33	0.47	0.47	0.71
44.5	0.5	0.43	0.83
44.5	0.5	0.43	0.82
44.5	0.5	0.71	0.87
43.5	0.5	0.43	0.71
44.25	0.43	0.43	0.43
44.5	0.5	0.43	1.5
44.5	0.5	0.5	3
44.5	0.5	0	0.47
44.5	0.5	0	0.5
44.75	0.43	0.43	0.94
45	0	0	0.47
45	0	0.87	0
45	0	0.47	1.09
45	0	0.43	0.43
44.75	0.43	0.43	1.5
44.75	0.43	0	0.87
45	0	0.43	1.8
45	0	0.47	0.47
45	0	0	0.5
45	0	0	0.47
45	0	0	1.12
45	0	0.43	0.87
45	0	0	0.71
45	0	0	0.43
44.67	0.47	0	1.09
45	0	0	0.71
44.5	0.5	0	1.22
45	0	0	0.5
45	0	0	0.43
45	0	0	1.22
45	0	0.43	0
45	0	0.47	1.25
45	0	0.63	0.83
45	0	0	0
45	0	0.43	0
44.33	0.47	0.47	0.82
44.5	0.5	0.43	1.5
44.5	0.5	0.5	0.71
44.5	0.5	0	0.43
44.5	0.5	0	0.43
45	0	0.43	0.43
45	0	0.43	0
45	0	0	1.48
45	0	0	1.64
45	0	0.47	0.47
45	0	0	0.82
45	0	0.47	0.82
45	0	0.71	0.5
44.5	0.5	0	1.89
44.5	0.5	0.43	1.66
44.5	0.5	0	0.43
44.67	0.47	0	0
44.4	0.49	0.4	0.5
44.5	0.5	0.43	0.43
44.5	0.5	0	0.43
45	0	0.47	1.25
45	0	0	1
44.75	0.43	0.43	0.47
44.67	0.47	0	1
44.5	0.5	0	1.41
44.33	0.47	0	1
44.5	0.5	0.5	0.71
44.5	0.5	0.43	0.87
44.5	0.5	0.43	0.71
44.5	0.5	0	0
44.75	0.43	0	0.94
44.75	0.43	0	0.82
45	0	0.5	0
45	0	0.5	0.43
45	0	0.43	1.8
45	0	0.43	0.43
45	0	0.47	1.25
45	0	0.5	0.43
45	0	0	0.47
45	0	0	0.83
44.75	0.43	0.43	1.09
43	0.82	0	0.47
40	1.41	0.5	1.48
37.25	1.3	1.22	2.05
38	0.71	0.5	1.48
38.75	0.43	0.71	6.18
37.5	1.12	2.12	0.71
36	0	0.87	0.43
39.5	0.87	1.09	1
42	0	0.82	0.47
42.5	0.5	2.45	0.83
43	0.82	2.06	2.16
42.5	0.5	0	1.22
42.67	0.47	0.47	1.92
44.25	0.43	6.02	5.41
44.5	0.87	2.45	1.63
41.25	1.48	2.05	2.06
39	0	0.43	0.43
40.5	0.5	0.71	0.83
42	0	0.43	1.73
44	0.71	5.66	1.66
43.5	0.5	1.25	3.86
43	0.82	0.43	0.47
42.5	0.5	0.43	2.87
42.33	0.47	0	1.41
42	0	0.43	3.49
42	0	0	0.83
43.25	0.83	0.71	1.09
45	0	0.83	0.71
45	0	0	1.3
45	0	0	0.83
45	0	0	0.83
45	0	0.43	0.83
45	0	0	0.5
45	0	0	0.47
45	0	0	0.43
45	0	0	1.3
45	0	0.43	0.47
45	0	0.5	0.43
45	0	0.47	0.43
45	0	0.5	1.12
45	0	0.5	0.5
45	0	0.43	0.83
45	0	0.5	0.71
45.5	0.5	0.83	1
45.25	0.43	0.43	0.43
45	0	0.43	0.71
45	0	0	0.94
45	0	0.5	0
45	0	0	0
45	0	0.43	0.43
45	0	0	0.47
45	0	0	0
45	0	0.47	0.71
45.5	0.5	0	0.5
45.25	0.43	0	0.71
45.5	0.5	0.43	0.83
45.75	0.43	0	0.43
45.5	0.5	0	0.5
45.25	0.43	0.43	1.12
45.25	0.43	0.43	1.12
45	0	0.43	1.12
45.25	0.43	0.47	0.82
45.5	0.5	0.5	1.22
45.25	0.43	0.43	1.3
45.25	0.43	0	1.22
45	0	0.71	1.22
45	0	0	0.82
45	0	0.47	0.71
45	0	0.43	1.3
45	0	0.71	0.71
45.5	0.5	0	1.12
45.75	0.43	0	0.87
45.5	0.5	0.5	1.3
46	0.71	0.43	1.3
46.75	0.43	0.5	1.48
46.75	1.09	0.5	0.71
43.75	1.09	0.43	0.71
41.25	1.3	0.94	0.82
38.75	1.79	1.58	1.22
36.75	0.83	0.5	1.22
36	0	0.5	0.5
36	0	0.5	1
36.25	0.43	1.12	0.43
37.75	0.83	1.09	1.66
38.67	0.47	0.43	2.5
40.5	1.12	0.43	4.06
42.33	0.47	0.47	1.5
43.75	0.43	0.5	0.47
44.5	0.5	0.71	0
44.5	0.5	0.43	1.12
43.75	0.83	0	1.22
42.75	0.83	0	1
44.25	0.83	0	1.3
45	0	0	0.43
45	0	0	0.82
45	0	0.5	0.47
45	0	0.5	0.43
45	0	0	0
45	0	0.43	0.83
45	0	0.47	1.09
45	0	0.43	0.43
45	0	0	1.09
45	0	1.12	0.71
45.25	0.43	0.83	1.22
46.5	0.5	0	0.5
45.75	0.83	0	0.71
45	0.71	0.94	0.94
43.25	1.09	0	0.83
42	0	1.12	0
42.25	0.43	0	0.83
42	0	0.82	1.12
42	0	0	0.83
42	0	0	1.3
44.5	0.5	0.43	1.09
45	0	0.43	1.09
45	0	0.43	1
44.5	0.5	0.43	0.83
44.5	0.5	0.47	0.94
44.75	0.43	0.47	0.47
45	0	0	0.43
45	0	0	0
45	0	0	0
45	0	0	0.43
45	0	0	0
44.33	0.47	0	1.22
44.5	0.5	0.83	1.09
44.67	0.47	0.43	1.25
44.5	0.5	0.43	0.87
44.5	0.5	0.43	0.43
44.5	0.5	0.43	0.43
44.5	0.5	0.5	0
44.5	0.5	0	0.47
45	0	0	0.43
44.67	0.47	0.43	0.5
44.5	0.5	0	0.82
43.6	0.49	0	0.83
44	0.71	0	1.92
44.33	0.47	0.47	2.29
44.25	0.83	0	1.48
43	1	0.43	1.92
42.25	0.43	0.43	1.09
43.5	1.12	0	1.09
45	0	0.83	0.43
44.75	0.43	0	0.43
44.5	0.5	0	0.71
45	0	0	0.82
45	0	0.5	0.82
44.75	0.43	0.5	0.5
45	0	0.5	0.83
45	0	0	1.3
45	0	0	0.71
45	0	1.3	0.83
45	0	0.43	0
45	0	0.82	0.94
45.25	0.43	0.47	0.82
45.33	0.47	0.5	0.94
45	0	0.47	1.12
45	0	0	0.43
45	0	0	0.43
44.75	0.43	0	0.5
44.5	0.5	0.5	0
44.5	0.5	0	0.82
43.75	0.83	0	0.5
43.25	0.83	0	0.71
45	0	0	0.5
45	0	0	0.47
44.8	0.4	0	0.89
45	0	0	0.5
45	0	0	1.3
44.67	0.47	0	0.47
45	0	0	0.5
45	0	0	0.5
45	0	0	0.43
45	0	0	0.5
45	0	0	1.09
45	0	0	0.71
45	0	0.43	1.12
45	0	0	0.5
45	0	0.5	0.83
45	0	0	0.5
45	0	0.43	0.43
45	0	0	0.71
45	0	0	0.82
45	0	0.43	0.47
45	0	0	0.71
45	0	0	0.71
45	0	0	0.71
45	0	0	1
45	0	0.82	0.83
45	0	0	0.83
45	0	0.83	0.83
45	0	0	0.43
44.67	0.47	0	0.83
44.25	0.83	0.5	0.43
43.5	0.5	0	0.5
42.5	0.5	0.43	1.12
44.25	0.83	0	0.5
45	0	0.87	0.83
45	0	0	0.94
45	0	0.43	0.87
45	0	1.09	1.79
45	0	1.3	0.94
45	0	0.43	2.59
44.5	0.87	0.43	2.49
41.67	1.25	0	0.87
41.75	1.09	0.43	2.05
42.75	0.83	0.83	2.38
41	1.22	1.09	2.18
37	1.22	1	2.28
36	0	0.47	0
36	0	0.5	0.47
37.75	1.09	0.83	3.35
39.5	0.5	1.92	3.08
40	0.82	2.16	0.43
40	1	1.58	2.06
39.25	0.43	0.43	0.87
39.5	0.5	1.3	3.2
40.5	0.5	2.62	0.83
40	0.71	1.12	1.5
37.5	1.12	0	3.11
37.25	0.83	0.47	0.82
38.25	0.83	1.12	3.34
38.67	0.47	0.43	0
36.67	0.94	0	5.05
36	0	1	1.87
37	0.71	3.27	4.82
39	0	1.79	1.79
38.75	0.43	2.29	2.77
38	1	0.47	0.94
39	0	3.03	1.22
41.75	0.43	1.5	0
42.75	0.43	0.83	1.22
44.25	0.43	0.47	0.94
45	0	0	1
45	0	0	0.82
44.75	0.43	0	1
44	0.71	0	0.83
43.67	0.47	0	0.5
45	0	0	0.83
45	0	0	0.71
45	0	0.43	0.5
45	0	0.43	0.5
45	0	0.43	0.43
43.75	1.09	0.47	0.94
42.33	0.47	0	0.82
41.67	0.47	0.47	0.47
39.25	0.43	0.5	1.12
38.33	0.47	0	1.22
39	0	0.5	1.3
40.75	0.83	0.43	1.22
42	0	0	0.83
42.5	0.5	0	0.43
42.5	0.5	0	0.5
42.25	0.43	0.43	0.43
42	0	0	0.87
41.75	0.43	0.83	0.83
41.5	0.5	0	0.43
41.75	0.43	0.47	0.94
41	0.71	0.43	1.12
41.25	0.83	0.5	1.92
41.25	0.83	0	1.12
39.67	0.94	0.43	0.47
39	0	1	0.5
39	0	0.47	1.25
39.33	0.47	0	1.3
39.5	0.5	0.5	1.09
39.25	0.43	0.83	1.3
39.5	0.5	0.43	1.87
39.5	0.5	0.83	0.43
39.5	0.5	0.43	1.09
39.75	0.83	1	4.38
39.5	0.5	0.43	0.43
41.25	0.43	0	1.41
40.75	0.83	1.3	1.58
40.75	0.43	0.5	1.5
42	0	0.83	0.87
44.25	0.43	0.43	0.43
44.67	0.47	0.43	0.47
44.5	0.5	0	0.43
44	0.71	0.5	0.83
42	1.41	0.47	0.71
39.25	0.43	0.83	0.71
39	1.22	0.83	2.49
37.25	1.3	0.87	0
37.5	0.5	1.3	0
40	1	0.82	0
41.5	0.5	0.71	2.87
41.75	0.43	0	0.47
43	1	1	1.22
44.67	0.47	0.43	0.94
44	0.82	0.47	0
43.5	0.5	0.43	0.43
43.5	0.5	0.83	0.83
42.75	0.83	0.43	0.87
42.5	0.5	0	0.87
44.5	0.5	0	1.22
45	0	0.43	0.71
45	0	0	0.47
45	0	0.47	0
45	0	0.43	0.47
44.75	0.43	0	0
44.5	0.5	0.71	0.83
45	0	0.47	0.43
45	0	0.43	0.5
44.25	0.83	0	0
44.75	0.43	0.5	0.43
45.25	0.43	0.5	0.83
45.5	0.5	0.5	1.12
45	0	0.71	1
45	0	0.83	0.5
45	0	0	0.83
45	0	0.43	0.5
45	0	0	0.5
45	0	0.47	0.47
45	0	0.83	0.5
45	0	0	0.47
45	0	0.43	0.43
45	0	0.47	0
45	0	0.47	0.5
45	0	0.43	0.43
45	0	0.43	0.5
45	0	0.87	0.71
45.25	0.43	0	0.5
45	0	0.5	0.83
45.25	0.43	0	0.5
45.25	0.43	0.47	0
45	0	0.43	0.5
45	0	0	0.83
45	0	0.43	0.5
45	0	0.43	0.43
45	0	0.47	0.47
43	1.41	5.31	5.72
41.2	1.17	1.64	3.77
37.5	1.5	0.82	0.47
36.5	0.87	0.87	2.45
38.25	0.83	1.7	1.09
40.5	1.12	2.69	2.17
43	0.71	5.02	4.24
43.5	0.87	1.48	2.5
42.75	0.83	0	0.87
41.25	0.83	0.5	1.41
40	1	0.47	2.05
39.75	0.83	1.48	1.41
42.5	0.87	0.5	2.86
45	0	3.27	2.05
45.33	0.47	3.9	1.41
45.67	0.47	1.25	2.59
46.25	0.83	0.83	1.12
45.5	0.5	0.47	2.05
45	0	0.82	0.5
44.5	0.5	1.3	0.71
45	0	0.83	1.3
45.5	0.5	0	0.87
45.5	0.5	0.47	2.16
46.25	0.43	1.02	0.4
46.5	0.5	0.43	1.3
45.75	0.83	0.83	1.8
46	0.71	1.12	1
46.75	0.43	0.43	0.43
46.5	0.5	0.47	0.82
46.67	0.47	1.22	0.47
46.25	0.83	1.5	0.87
46.75	0.43	0.83	1.22
46.67	0.47	0.47	1.3
46.25	0.43	0.5	0.87
46.25	0.83	0.87	0.83
46.5	0.5	0.43	0.83
46.5	0.5	0.43	1.12
45.75	0.43	0	1.25
45.5	0.5	0.5	1.09
45.5	0.5	0	0.43
45.67	0.47	2.35	0.47
45.33	0.47	1.7	1.09
46	0	0.94	1.25
45.75	0.83	1.22	3.03
45.75	0.83	1.73	3.67
45.5	0.5	1.09	2.28
45	0	0.94	2.12
45	0	1.09	1.12
44.75	0.43	2.16	0.47
45	0	2.49	2.35
45	0	1.3	0.83
45.33	0.47	1.22	1.63
45.67	0.47	0.47	1.09
45.67	0.47	0	0.83
45.5	0.5	0.43	0.43
45	0	0.43	0
45	0	0.83	0.43
45	0	0	0
45	0	0	0.43
45	0	0	1.22
45.5	0.5	0	0.83
46.25	0.83	0.5	0.71
47.5	0.5	1.63	5.41
47.25	0.43	3.96	3.7
45.5	1.12	1.22	4.26
40.75	1.92	1.41	1.25
43.5	1.12	1.22	3.77
45.5	0.5	1.12	4.76
