-1.02593601 0.54000485 1.15907800 0.48438421
-1.12660873 1.46860445 0.38831878 0.22661620
-0.90512824 1.47543967 0.47303283 2.12728500
-1.02996302 1.05849731 0.69384497 1.70063424
-0.15491550 -0.22259897 0.94937593 1.83840668
-0.24068840 0.52340537 1.10352790 0.30957600
-1.88487542 0.62983775 1.46738172 0.52141982
-1.01586890 0.33397481 0.42581525 0.87844300
-0.67035937 0.46872428 1.19657445 2.26505733
-0.48552439 0.14747377 0.91326827 0.79252076
-0.21370834 0.95108813 1.48821294 0.62067533
-0.87492687 0.71185917 0.06612772 1.46360612
-0.78432125 0.84563226 0.78133667 1.30509400
-1.06258070 0.65327245 -0.18523705 0.50067997
-1.25748277 0.74798781 2.14648294 1.90803397
-0.51572651 0.89543086 1.23823714 0.60586095
-0.96231043 0.42576090 0.13417660 0.78511345
-0.63331217 1.12391925 0.38693011 1.42657065
-1.11009824 0.97940511 0.20778058 1.92432952
-1.29775202 1.60921264 1.43821800 0.75104070
-1.69842947 0.41111401 1.28267717 0.62215668
-0.54592866 1.47348654 1.24101460 1.14806259
-1.00580096 0.95889986 0.78133649 1.00732720
-0.64015800 1.02725124 0.54941446 0.29920590
-0.85157061 1.55648434 0.70912129 1.12435997
-1.16687799 0.79290420 0.67717993 0.17921050
-0.44203386 0.56441611 0.72578633 0.56289953
-1.05291605 0.54488701 0.76744896 1.29027939
-0.79438841 0.99893421 1.11463797 1.93618083
-0.67358142 0.86906683 0.39526269 0.75992948
-0.83465761 0.54879284 0.74522883 0.96732861
-0.58297580 0.76556361 0.90076953 1.36731327
-1.14674294 1.11806059 0.30638218 0.19550623
-1.21721435 1.00479269 1.57014954 1.26065111
-0.96231043 -0.09468471 1.32295096 0.35253739
-1.19385803 0.82219738 0.83827549 0.83548182
-0.86163771 0.38475013 0.56607932 0.04143805
-0.45210096 0.12306266 1.37711239 1.13176692
-1.11654162 0.28905857 1.62570000 0.98362434
-1.41574013 0.79973924 1.47154772 1.26805806
-0.57290870 0.25585914 1.27573323 0.95251459
-1.56956840 2.51144767 1.60209084 0.60882390
-1.08633947 0.92472440 -0.05886038 0.14217490
-0.80244315 1.13173068 1.50765574 0.57623243
-1.22728145 0.26171786 1.22157216 0.89177614
-0.90150446 0.37498546 1.26601207 0.51104987
-1.11331952 1.97537947 1.41460896 0.41179451
-1.06620526 1.06435597 0.82299912 0.71993053
-0.80123419 -0.47549838 0.94937593 0.80289072
-1.60299182 1.09755528 1.21046185 1.79248273
-1.07627237 1.29089141 0.97298491 0.15847063
-0.90271264 0.79680979 1.58542597 1.28139091
-0.86163771 0.15528534 0.71050996 0.71400523
-1.12660873 0.53609914 1.60070217 1.72581816
-1.00580096 0.08205190 0.91049099 0.65771079
-1.19707930 1.99295557 0.76467144 1.33472192
-1.33802128 0.78411609 1.31322992 0.20143186
-0.92163873 0.50973505 0.76744896 0.81622344
-1.09721231 1.05459154 0.92993343 0.22809769
-0.41183248 1.02725124 0.52163935 0.55697393
-0.38485166 0.19629611 1.13546920 0.37624007
-1.66379821 0.86906683 2.00344110 0.45771837
-1.24741566 0.97745234 1.00909221 -0.50668931
-1.52245378 1.00869870 2.47422910 2.05173159
-0.42189962 0.55269867 1.09936118 1.05473268
-0.08967931 0.79876280 0.54108185 1.29176104
-0.65344644 0.38865587 0.44525775 2.03395486
-0.78109998 0.52926385 1.01603651 1.19398689
-1.05291605 0.84465587 0.09529146 0.37327743
-1.07264781 0.29491705 0.59663200 1.77026117
-0.58297580 2.06716514 1.51737702 -0.10077880
-0.75411916 0.77435178 0.81744415 0.86659157
-1.15358877 0.87394923 0.32026973 0.42216447
-1.58970308 0.52731109 0.46192291 0.81029797
-1.07627237 1.28015041 0.86049545 0.35698152
-0.97559959 0.34178650 0.79105788 0.92288589
-0.82459050 0.40818477 0.46747771 0.86214763
-0.75411916 0.76263434 0.23138954 0.52438265
-0.80646938 1.37877166 1.07158661 1.12584126
-0.05263213 0.63862580 2.60754991 1.22805941
-0.94539750 1.52719128 0.35915485 0.69326502
-1.10647368 1.02041590 1.87567568 0.77178055
-0.82781184 0.91398358 0.39109623 1.00584602
-1.18701220 0.74701130 1.57431579 2.39986682
-0.81130135 0.22461283 0.58968824 1.25620699
-0.51935029 0.11622746 0.81466687 1.22954130
-1.22728145 0.71185917 1.57848203 1.41027510
-0.95908910 1.62092996 1.07714140 -0.00448616
-1.91870129 1.87480557 0.77300406 0.93325585
-1.32795417 1.21668136 0.03279744 1.20139384
-0.40861043 0.70502394 2.60893822 1.22657800
-1.13989711 1.27136254 0.67717975 1.13621128
-0.66673559 0.99014616 0.99937129 1.29324222
-0.88499397 0.15528546 1.03686762 1.29620516
-0.83465761 0.46774781 0.62301862 1.87692380
-1.48903036 0.84563226 1.07436395 -0.00448616
-0.72109818 0.83391482 0.88271570 1.65322864
-0.99573386 1.28210330 0.99659365 2.05617642
-0.80042851 0.72260022 0.44942403 1.52730739
-0.55961955 1.36119533 1.13685775 0.19846922
-1.13989711 0.48630032 0.95909721 0.62511969
-1.25426149 1.33580768 0.70356619 1.97766054
-1.31466496 1.05556786 0.64107227 0.70067215
-1.50594330 1.04970944 0.55496937 0.76141059
-0.21048704 1.00869846 0.66329241 1.11398971
-0.76418704 1.27526832 0.87577194 1.12287807
-1.11815226 0.73822325 1.95205736 1.07547295
-0.80445552 1.52621472 1.01048124 0.63104510
-1.08633947 0.41209048 0.51191813 1.40138614
-0.77103209 0.25195330 1.23129320 0.92584890
-0.57290870 1.20105839 0.73273009 0.39846161
-1.15681005 2.10524702 1.97566605 0.50808692
-1.62312651 2.04275441 0.94243199 0.95103306
-1.33802128 1.23230457 0.78133649 0.78807628
-0.78432125 1.64631760 1.55348432 0.58067679
-0.89506114 0.87492579 0.42164880 1.18657970
-1.41533768 0.96182919 1.28267717 0.22365339
-0.91519612 1.20301116 2.04649282 1.33620381
-0.81774467 1.33092558 -0.09080167 1.35694361
-0.45210096 0.70795351 0.60774207 1.55397320
-1.17694509 1.20008183 0.76744896 0.80140918
-1.23734856 0.83391482 0.87716061 1.68433869
-1.76728976 1.37291288 0.01752109 1.18213546
-1.21721435 1.12196624 0.85771793 1.38509047
-1.23654282 0.40427878 1.49654579 1.20731962
-1.14674294 1.03408623 1.32989490 0.31846443
-1.46607649 1.59944808 0.83133185 1.72878146
-1.27117443 0.38767937 1.11880410 1.70952249
-1.34808838 1.07021475 0.77855903 0.77918786
-1.30781913 1.12294292 0.59385455 0.61474955
-0.71385068 0.49020627 1.27573347 0.38809133
-0.39652944 0.20313108 0.78550279 1.12732279
-1.11654162 0.80852723 1.76874161 0.52438247
-1.23734856 1.84844184 0.67995739 0.08143646
-1.44876111 1.36119533 0.62024099 1.03991866
-1.03600311 0.63081425 1.40766501 0.23846744
-0.67358142 1.07119107 1.33544970 0.40438724
-0.52257234 0.67963648 1.68125010 1.17917240
-1.36822343 0.32518676 0.13001031 0.82807487
-0.96875376 1.09755504 1.72291279 0.07847364
-0.97559959 0.94913542 0.66884732 0.49771696
-1.15681005 1.20203507 1.35628140 0.17476636
-1.12983000 0.75482291 1.84928930 2.43097663
-0.35142824 0.27636454 1.66319633 0.63548958
-1.11654162 0.99502826 1.60625720 0.34513026
-1.13667583 0.63960230 1.01048100 1.60434151
-1.13023245 0.57906276 2.17981291 1.32731533
-1.07305026 1.03799176 0.97159606 1.73470712
-0.92848456 1.19031739 0.15084161 1.27694678
-1.19023347 0.81145656 0.70078874 1.46508741
-0.90835029 1.29674995 0.36609879 0.62067515
-0.61317796 0.29491705 0.90354687 1.00732720
-1.66017401 0.73041165 0.17445056 1.03251135
-1.08633947 1.45688725 0.97992849 0.73770773
-1.21036851 0.73041165 0.44386908 1.24435520
-1.20714641 1.82305419 1.26184595 0.23550464
-0.63331217 0.97354662 0.23833314 0.04143805
-1.10325241 0.66498989 1.22018313 2.49467826
-1.23734856 1.27331531 0.88271570 0.87103605
-1.64326108 1.24011624 0.87299430 1.52582645
-1.40849221 1.08290851 1.25490201 0.59400970
-0.69371569 1.07021475 0.31749225 0.21328327
-0.71385068 0.74115270 0.50636303 1.32435238
-2.00930691 0.60835588 0.57302326 1.12139702
-1.10647368 1.16492975 0.91326809 0.26957741
-0.86485976 1.00772202 0.25916460 0.29624325
-1.21399224 1.15907109 0.55496937 0.34957442
-0.50968564 1.76446712 1.44238436 0.80881649
-1.10647368 0.70014173 1.10630548 -0.30669698
-1.49909747 0.48532394 0.54385948 0.55252963
-1.20392513 1.34069026 0.22444576 1.33027804
-1.44553983 1.80059576 0.83827549 0.46956998
-1.63681781 2.10524702 1.45766056 1.33175933
-1.38151181 1.07607341 0.47025535 0.72289371
-0.99573386 1.33092558 1.02853501 0.37920305
-1.23412728 1.07021475 0.98409480 1.34064794
-1.39842474 0.57515693 1.93539250 0.63252676
-1.18701220 1.17176509 0.56746829 0.88733178
-1.12660873 1.53597915 1.59792495 1.59397197
-1.41171396 0.89445448 1.27156711 0.79548359
-1.00902307 1.27819741 0.76606011 0.71104211
-0.55277371 0.66694278 0.68273491 1.15991402
-0.84150344 0.12599202 0.42026013 1.24879968
-1.36500132 0.66596627 2.07149029 1.14213681
-1.19707930 1.50766242 1.52432060 0.65474814
-1.17694509 1.36998332 1.58542597 0.09476919
-1.01586890 0.65913117 1.15630054 0.29179877
-0.85479188 0.80852723 1.88956356 1.07251000
-0.89183980 1.16395342 1.22296059 0.60437942
-0.82459050 0.88371366 0.72300899 1.17028403
-1.39157927 1.19617605 1.81734824 1.71544850
-1.48903036 1.29089141 1.24101460 2.02654743
-1.16003215 1.63752949 0.89104831 0.61771256
-1.20392513 0.81048018 0.97992849 1.36731362
-1.53614509 1.74005604 0.79661304 1.16583991
-0.96553248 1.20594072 0.78966922 1.41620076
-0.74767655 1.56820202 0.73967385 0.07995514
-1.39842474 1.62678850 -0.01580886 1.36286914
-1.04607022 1.50180352 1.06047630 0.70659798
-0.73720622 1.10829592 1.48126900 0.14365639
-1.49587619 0.07131108 0.29527229 -0.00744915
-1.39842474 1.24109256 0.51886171 0.67993230
-1.87158668 2.12282276 0.99937129 1.09917557
-0.53263944 1.01455736 0.86605054 1.49175334
-1.10647368 1.41392350 1.47293675 2.15543175
-1.11331952 0.27734101 1.58264840 0.47993991
-0.97237754 1.08486152 1.27295601 0.80733502
-0.94539750 1.51059127 0.12862149 1.62952578
-1.01586890 1.07412040 0.16472915 -0.50372648
-1.20714641 1.02334523 0.61468601 0.45771855
-0.98244542 0.87004346 0.43275887 -0.09929739
-0.50243735 0.30468148 1.03547859 1.20287549
-0.85479188 1.21472859 0.53552693 1.12732279
-1.54943383 1.40806472 0.55358076 1.40583050
-0.79318023 0.89152509 0.71884257 1.09325016
-1.12660873 0.97549963 0.62301844 1.36583209
-1.61990476 0.52145249 0.15084177 0.55993688
-1.54943383 0.90910149 0.69245613 1.05176973
-0.87492687 0.57320392 2.28396988 0.83696330
-0.84150344 1.33385491 0.46608904 0.38809150
-1.16365588 1.12294292 0.67717993 1.86507261
-1.35815549 1.40513539 1.04242253 0.80289072
-0.90190697 0.93155950 1.88956356 1.26509535
-1.21721435 1.40611172 1.85484457 1.63397038
-1.27761781 2.34154654 2.19508934 1.06213999
-0.68364853 0.80266863 -0.14218570 0.92733037
-0.77103209 1.84355927 0.85077435 1.33175933
-0.75411916 0.82415038 0.35915503 1.43842196
-1.05613732 0.29882276 1.12158155 0.31105733
-1.05976188 1.76251435 0.68273491 -0.20299724
-1.19385803 1.01943946 0.75911653 1.38064671
-1.03600311 1.30065584 0.53830439 1.18361688
-1.38835764 0.94815904 0.92021221 0.51104987
-0.81774467 0.67866009 1.23823714 1.11102700
-0.24391046 1.08583784 1.45210528 0.16587774
-1.27761781 0.73041165 -0.12968689 0.49030983
-1.70044291 1.54183781 -0.04497276 0.43105289
-0.14323774 -0.02340424 0.73550773 0.70511645
-0.90190697 0.41404349 1.57570481 0.71696788
-0.60311007 1.15614200 0.55080312 0.98954999
-1.40849221 0.16993202 1.74374390 -0.01930040
-1.55950129 0.92570078 0.83688682 1.36138797
-0.91197407 0.40037307 0.56746811 -0.23706992
-1.00580096 0.15626173 0.39109623 0.23402332
-0.47908181 -0.26946846 1.02436864 0.65771097
-0.92526323 0.75091714 1.01742494 0.92584890
-0.98566669 0.76068151 0.53969318 0.18958060
-0.91519612 0.96280557 1.65486372 0.61771256
-1.29775202 1.08388484 0.45775664 0.77622485
-1.00620341 0.81926829 1.89650714 -0.26966131
-0.91197407 0.52340525 0.68551236 2.07691622
-0.82821429 0.31835178 0.45081285 0.04291936
-0.36149612 1.34557211 1.49515688 0.19698772
-0.53948528 0.45212477 0.09251398 0.51253122
-1.17694509 1.01358080 0.67301363 1.10806406
0.04119477 -0.10640190 0.17028427 0.41771996
0.57476050 -0.02047488 1.09102917 0.77770633
0.08146401 0.88469005 -0.21440095 0.49179134
-0.14001568 1.41197050 -0.21578969 1.83840668
-0.43196672 1.37584209 0.69523376 0.92584890
0.23247311 0.74408209 0.73967385 1.20880103
-0.44203386 0.69330662 0.96187484 0.21032047
-0.11988144 1.74396181 1.06742024 0.90362734
-0.14001568 0.47751236 1.10769403 0.91399747
0.75597173 -0.13081312 0.74800628 0.42808992
0.32307872 0.02248886 0.48553154 0.03403093
-0.89828318 1.45786333 0.01613243 1.37175786
-0.41183248 0.98038173 0.73411894 0.32883435
-0.46216884 0.36033893 0.65218216 1.03695583
-0.27411181 -0.11909582 1.48265791 1.88581276
-0.17424481 -0.05855628 0.41053906 1.17769134
-0.43196672 1.16492999 0.27027467 1.13769269
-0.30109188 0.46970078 0.77994800 1.41323781
-0.78754258 1.32799625 0.31610358 1.04732585
-1.38513637 0.85442030 0.13695407 0.61326808
-0.41183248 0.48630032 0.43275902 0.34216729
-1.03600311 0.23925973 1.01464736 1.81766653
-1.34164500 0.45603037 1.46182644 0.40586856
-0.54753852 1.07119131 1.59098101 -0.06374311
-1.36822343 1.30651438 0.76606029 1.34212959
-0.81452340 1.35436022 0.86882788 1.27842832
-0.80083174 0.28417611 0.83133185 0.95251459
-1.22728145 1.93436885 1.49237919 2.05617642
-1.07305026 0.47653589 0.45359033 0.77178055
-1.20030141 0.46481845 1.21879435 1.91692221
-0.86485976 1.40806472 1.74235559 0.87399888
-1.06942654 1.46860445 0.93548840 -0.13633299
-0.48592687 0.70307118 1.57153845 0.50067979
-0.78754258 1.36119533 0.85494065 0.84140778
-0.58297580 0.67768359 0.86327308 -0.21929270
-0.84834927 0.27148232 -0.15468459 0.51845700
-1.41855931 2.04177809 0.69801128 1.49027193
-1.69037580 0.43064299 0.26471940 0.62660098
-1.39520347 1.62678850 0.56469065 0.86214763
-0.86485976 0.49313539 0.54663682 0.57178813
-0.93533033 1.16395342 0.89104831 0.85622168
-0.91197407 1.23132837 0.13001031 1.10065711
-1.01586890 2.61104536 1.48265791 -0.00152353
-0.91519612 0.48727682 0.45636764 1.24139237
-0.52257234 1.29186797 0.78133667 0.66067374
-0.62324506 1.18543530 -0.49631828 0.04884499
-0.50243735 0.21289565 0.74106252 0.80733502
-0.59304291 1.47543943 1.22990453 1.05473268
-0.78432125 0.50094700 0.78966910 -0.43854371
0.11166614 0.16993202 0.48969799 0.59252816
-0.84472477 0.95694709 0.30082723 0.78066915
-0.44203386 1.64436460 0.11056782 0.69622803
-0.42512092 1.25085700 0.75078392 0.99843878
-0.20041916 0.95597047 1.48543561 0.43401569
-1.01586890 0.87785470 0.69801140 1.32287085
-0.99573386 0.78411609 0.74245149 0.87103605
-0.31800482 0.92081845 0.67995757 -0.24595845
-0.78432125 0.62202615 1.06742024 1.67248714
-1.03600311 1.70392764 0.39248505 0.22365321
-0.85881966 0.37107974 0.92437834 0.08884375
-0.29746813 0.01467728 0.27444097 0.83103782
-1.15681005 0.58980346 1.46043813 0.91251600
-0.87492687 1.89824045 0.13834289 0.00292096
-0.93210906 0.26562372 0.35637721 1.01177156
-0.42189962 0.85149097 0.13139912 0.30809450
-1.03600311 1.45981658 0.25360951 0.95695907
-0.69371569 0.91300696 0.92298955 0.38216588
-0.03249712 0.68354219 0.83688682 1.10658288
-0.37840909 0.66303694 0.53274941 1.40286791
-1.14070284 2.80535841 0.70773268 1.15102565
-0.31438106 0.11232173 0.70495504 0.61919385
-1.46567404 2.06423616 0.20916940 0.94658875
-0.63331217 0.83586782 0.89799190 1.35990632
-1.01586890 0.73431736 0.97298491 0.68733943
-0.51250523 1.37388933 0.68551254 1.34657371
-0.54794174 0.13087423 0.52997196 0.47549543
-0.50243735 0.69233036 1.56181729 0.80140918
-0.58297580 -0.18842337 1.16324413 0.39105448
-0.92526323 1.75763226 0.53136063 0.04736367
-0.60311007 0.47360653 1.37711251 1.04584432
-0.21048704 0.95987624 0.86327320 0.87844336
-0.54270655 0.16797915 0.77855903 0.67696947
-0.41867754 0.36815038 0.83272052 1.19546819
-0.90512824 0.93448859 -0.02969665 0.79252076
-0.79438841 0.58394486 1.26601219 1.38805342
-1.20030141 0.10743950 0.79939049 0.62660098
-1.03600311 1.58870709 1.52570951 0.84733355
-0.71385068 -0.00582822 0.56469065 1.21324539
-0.29102477 1.55648434 0.71467626 0.10958361
-0.93533033 0.53512263 1.34517097 1.21917105
-0.39169750 0.63960230 1.81734824 0.81326079
-0.29102477 0.70990628 0.81188923 1.26657653
-0.20041916 1.18445861 0.39526254 1.28879821
-0.77425414 1.11024904 0.41748267 0.60141683
-1.01747870 0.78802192 0.00363363 0.33920449
-1.41855931 2.41380334 0.67440248 0.06662222
-1.13667583 1.24304557 0.83410919 0.85918462
-0.05947796 0.70697701 0.79939049 0.54808545
-1.22728145 0.94815904 0.10917899 1.54952896
-0.83465761 2.23901963 0.34804481 0.40586856
-1.11331952 0.84465587 0.41887149 -0.04300325
-0.57975453 1.54183781 0.94382113 1.18065429
-0.94539750 1.09169638 1.50487804 1.40434921
-0.74405205 0.77142245 0.87854940 0.67845082
-0.85157061 1.87773490 1.00492609 2.24579835
-0.25075552 0.12501565 0.30777100 1.25028086
-0.50888067 0.45310125 0.32304719 0.38364735
-0.62324506 1.28112674 1.32989490 1.21768951
-0.86163771 1.41197050 1.08547390 1.47990203
-0.84673864 0.13185062 0.31332612 1.78803837
-0.75411916 1.43931103 1.66041863 1.20435679
-0.42874545 0.53707552 1.19379675 0.57919544
-0.52257234 1.33287859 1.28406608 1.46064317
-0.62646633 0.75872874 1.61459005 1.07991695
-0.71385068 0.71967071 0.87577194 1.25768852
-0.49921605 0.41111401 1.19379687 2.01321507
-1.26432860 1.06045020 0.71189880 1.24583673
-0.68686986 1.53207314 0.37720886 0.15847063
-0.96553248 0.92081845 1.72985637 1.34657371
-0.67035937 0.61421472 1.66319633 0.56734401
-0.63331217 0.75482291 0.19944817 0.56438106
-1.06620526 0.88469005 2.10482025 1.54656625
-0.76096499 1.50961518 1.46321547 1.70507860
-0.83143634 1.06826174 1.37433505 -0.38373107
-0.84150344 1.27429163 1.34100485 0.38512868
-0.79438841 0.96085280 0.59802085 0.10662062
-0.30431396 1.29382074 1.18546438 0.34809309
-0.97559959 1.46469867 0.50497419 1.53915894
-1.69037580 1.20496392 1.72152376 1.68582010
-0.47223598 0.40525529 0.26333076 0.70215368
-0.62646633 0.18555517 0.81466651 1.05917704
-1.39842474 0.91984206 0.83272052 0.53030843
-1.20714641 1.38853586 1.11186028 0.64734101
-0.24068840 0.34276277 1.26740086 1.07991695
-0.30793771 1.11806059 0.75078392 -0.13040727
-0.24713175 1.07509685 0.74245137 0.56734401
-0.56284159 0.00491272 2.00760770 1.34657371
-0.46539015 0.67866009 1.22990453 0.26365179
-0.42189962 0.51266432 0.36193252 1.28287232
-0.49559227 0.15235600 0.74106270 0.21624626
-0.23384258 0.02541810 1.31600726 1.47545767
-1.04607022 1.31627882 0.58135581 0.50512409
-1.49587619 1.10634315 1.20768428 0.90362751
-1.40486813 1.86406469 1.12852526 0.84140778
-0.73398489 1.37193632 0.94798714 0.68585795
0.38348219 0.31151670 0.78272533 0.29772457
-0.66351432 1.14540088 0.68967867 0.14069359
-0.75411916 0.92081869 0.64523858 0.67252517
-0.94539750 1.00674570 0.62162960 1.39990520
-0.42713478 0.34178641 1.58403707 0.72437501
-0.77062964 0.45407763 0.57441187 1.61323023
-1.14674294 1.27136254 1.57292712 0.37031427
-0.88499397 0.99698126 1.23545945 -0.04448457
-1.13345456 0.56832182 0.77439272 0.03551225
-0.38847619 0.31542230 0.94243199 1.22065246
-0.99573386 1.41294682 1.10630512 1.03399324
-1.14674294 1.62190616 0.91187948 0.44290432
-0.38847619 0.65815485 0.13417660 1.13176692
-1.22728145 0.57613331 0.92437834 1.08436143
-1.09318531 1.27917397 1.83540201 0.59697253
-0.65344644 0.92960674 1.19518566 0.27105892
-1.20714641 1.04775643 1.07853031 0.95695871
-0.79438841 1.52621496 0.31749225 -0.08300166
-1.17694509 0.97452301 1.19101942 1.90951526
-1.13345456 0.69818896 0.38415262 0.00884658
-0.27411181 1.10146081 0.76050520 0.40586856
-0.80445552 1.34850168 1.01881385 0.38364735
-1.35493422 1.32994902 0.80911171 1.64730299
-0.70378280 1.42954659 1.13408041 0.47105131
-1.03922439 1.29772651 0.62996221 0.75992930
-0.42834297 1.15321255 0.73272991 1.54360330
-0.43196672 0.96280581 0.81050038 1.64582169
-1.40849221 0.45017177 1.09797275 -0.30521548
-0.96190792 0.34959799 1.51737702 0.86214763
-0.88499397 0.44626617 1.16602182 0.68437660
-0.92526323 1.07607317 0.18278298 2.12284064
-0.37156326 1.40415907 1.24656975 0.70511663
-0.84110099 1.37877142 0.87299430 0.74215221
-0.49237022 1.81914830 1.52709818 -0.07263172
-1.06620526 1.19129395 0.04807389 0.46808830
-0.50243735 0.29882288 0.63135105 1.39546061
-0.51250523 0.00393634 1.22990441 0.37327725
-0.83465761 0.42087856 0.65495980 0.94362611
-1.36822343 0.03225319 0.14806414 0.92436743
-0.88499397 0.96378219 0.26055327 1.21176374
-1.01586890 1.46079266 1.05075502 -0.30077109
-0.65022510 0.66694278 0.33137977 0.70067215
-0.21048704 0.72552955 0.99798214 0.44290432
-0.87492687 0.44821903 1.93678081 1.67396843
-0.89506114 0.93839461 0.79800165 0.19846904
-0.27089053 0.55660450 0.96465230 1.18213546
-0.86485976 1.49789774 0.52441698 2.05173206
-0.58297580 0.59273297 1.27017832 0.91103482
-0.58297580 0.97842896 1.38822258 0.34216729
-1.14674294 0.65815485 0.29943842 0.03995673
-1.01224434 0.38767937 0.98548347 1.09473145
-1.35815549 1.26745653 0.27999592 1.33027804
-0.57612997 1.08095551 0.20222548 1.81618559
-0.16337198 0.79192770 0.42164895 0.74067074
-1.00580096 1.46176910 0.77855915 0.72881931
-0.77425414 1.45102823 1.49099052 0.92733037
-0.58297580 0.84660888 0.62718475 2.35394287
-1.22043562 0.88371366 1.02020240 1.31398213
-0.60109693 0.93351227 1.06325412 1.02954853
-1.03600311 0.90031320 -0.00053267 1.01177156
-1.45882857 1.31920815 0.98131734 0.85770351
-0.77747542 0.26952931 0.23972195 0.66659957
-0.89506114 1.44224024 0.53969318 1.05177009
-0.56284159 0.48727670 1.56459451 0.52586412
-0.41183248 0.72943527 1.25212467 1.95543969
-1.04929221 1.05068552 1.15352285 0.75252217
-0.90512824 1.03603899 1.31600726 1.62360048
-0.97237754 1.35143101 0.57857817 0.86955494
-1.36137760 1.46079266 0.30360487 1.61767447
-1.29775202 1.15711832 0.82161045 1.65174758
-1.14674294 1.07314408 0.90354687 0.46660700
-0.81532836 1.16297698 1.01325858 0.31105733
-1.10647368 0.54098123 0.79105788 0.12884216
-0.65707093 1.00283992 1.84373426 1.65322864
-1.12338662 0.98428744 0.45359033 1.82359219
-1.14875686 1.56136656 0.53413826 0.46512550
-1.01586890 0.89445448 1.44932759 0.82214904
-1.22043562 0.99600488 0.92576718 1.28583527
-0.69371569 1.39537120 1.56598318 1.30064952
-1.25748277 0.68354219 0.53691554 0.52734560
0.19904968 -0.34465465 -0.24495359 0.09032506
1.53799725 -0.90122855 -1.02404523 -1.10814798
1.53799725 -0.90122855 -1.27263248 -1.11851788
1.51101720 -0.89146411 -1.20319474 -1.17629349
1.50094926 -0.95395654 -1.10181558 -1.01629949
1.51786220 -0.83678317 -0.98516011 -0.61631483
1.53719151 -0.92368680 -0.85461706 -0.81927001
1.54444063 -0.91489881 -0.68935525 -0.76149452
1.65195835 -0.98910868 -0.77684677 0.08736225
1.56135356 -0.95395654 -0.71713030 -0.83556569
1.38698816 -1.00570822 -0.07691421 -0.42521089
1.58148777 -0.95395654 -0.28383872 -0.20299706
1.47074795 -0.84947693 0.32443619 -0.66520178
1.47074795 -0.94712150 -0.44493425 -0.77630872
1.43047869 -0.81530136 -0.60186362 -1.05185378
1.40027654 -0.92856902 -0.22412227 -1.10074079
1.36000812 -0.92856902 -0.57964361 -0.64446193
1.24242246 -1.09651756 -0.91711116 -1.16592348
1.39020944 -0.86217070 -0.55881226 -0.94074696
1.47759378 -0.85533559 -0.95738494 -0.94519114
1.36000812 -0.91392231 -0.11718810 -0.96593112
1.38014233 -0.96372110 -0.88933599 -1.07111239
1.41034448 -1.05843627 -0.75184923 -0.96148688
1.44739163 -1.00570822 -0.49354079 -0.76593870
1.51101720 -0.89146411 0.21194689 -1.01037395
1.51101720 -0.91196942 -0.71990788 -1.03703952
1.30282593 -1.04769540 -0.23245479 -0.75705022
1.45061290 -0.95005077 -0.69768775 -0.33188125
1.61853492 -0.90122855 -0.71713030 -0.57335335
1.48564696 -0.88267606 -0.57408857 -0.59705621
1.68216050 -0.91880459 -0.53381479 -0.74519879
1.46390212 -0.88951117 -0.60602993 -0.80741864
1.72242975 -0.90513426 -0.24634241 -0.76445723
1.64189124 -0.91880459 -0.34772149 -0.86223137
1.64189124 -1.00277889 -0.72962916 -0.68446034
1.54121852 -1.00277889 -0.78795683 -0.87111986
1.70229471 -1.00863755 -0.30050382 -1.11555505
1.53437269 -0.90806365 -0.94627500 -1.37184155
1.62860286 -0.95688593 -1.14208949 -1.08444512
1.60484409 -0.99887311 -0.57408857 -0.92445117
1.57142067 -0.89634633 -0.33383393 -0.86074984
1.40671992 -0.89048761 -0.56575608 -1.01629949
1.26255667 -0.96372110 -0.82128704 -0.87556416
1.02456653 -0.84361827 -0.97682762 -0.92148840
1.23920035 -1.10042346 -0.87961477 -1.07259381
1.25933540 -1.10042346 -0.55464602 -0.90074837
1.42725742 -0.90122855 -0.59908617 -0.95407969
0.98751855 -0.80651337 0.22166812 -0.04892888
0.75597173 -0.90318143 -0.27550614 0.04143805
1.23597908 -0.63465899 -0.31161380 -0.71705168
1.66323364 -0.96665037 -0.98238254 -0.68742323
1.30967176 -0.94028634 -0.69768786 -0.73779166
1.25047565 -1.05745983 -0.41993681 -0.99259675
1.29275882 -0.95688593 -0.52687085 -0.89926696
1.29638255 -0.96372110 -0.40188298 -1.56887114
1.25933540 -1.01644909 -0.69629902 -1.56887114
1.25933540 -1.01644909 -1.16847587 -1.56887114
1.33987308 -0.91099298 -0.76295924 -0.63557327
1.30967176 -0.92173386 -1.01987910 -0.52742922
0.36012590 -0.51650912 0.57302326 -0.11411162
-0.33813983 -0.44034633 -0.05052787 -0.19707143
0.18213674 -0.85240626 -1.21291590 -0.97185683
0.18817686 -0.77819639 -0.92405492 -1.00296676
0.39354932 -0.73718578 -0.90738982 -1.31258464
0.52442414 -0.89829922 -1.33234894 -1.03852093
0.51435703 -0.86607653 -1.20319474 -1.07555652
0.60496265 -1.09358835 -1.27263248 -0.93926543
0.62509686 -1.14241052 -1.33234894 -1.26666045
0.62509686 -1.14241052 -1.04487658 -0.99852246
0.62509686 -1.14241052 -0.91711116 -0.80297428
0.62509686 -1.14241052 -0.93655366 -0.99111533
0.62509686 -1.05062473 -1.14208949 -1.09333372
0.62509686 -1.14241052 -1.16847587 -1.17333066
1.00443149 -0.88658190 -1.03376663 -0.71408880
0.72576964 -0.89829922 -0.93238735 -1.03407669
0.76966262 -0.84068888 -0.90461230 -0.80445582
0.72576964 -0.87291157 -1.21291590 -1.13036931
0.65529901 -1.05160105 -1.33234894 -1.09185219
0.64845318 -1.05453038 -1.20736098 -1.18073773
0.67543322 -0.96762681 -0.91294485 -1.06074226
0.68550038 -0.96665037 -0.83934087 -0.83704716
0.64523113 -1.05843627 -0.86989343 -1.04000235
0.70241332 -0.95688593 -1.08931673 -0.65927613
0.66536611 -1.00961399 -1.02265656 -0.85926855
0.69556749 -0.91880453 -1.26291120 -0.72890306
0.67543322 -1.00277889 -0.94210875 -0.85186136
0.13502243 -0.72742122 -0.74212795 -0.38669389
-0.05947796 -0.94516855 0.15917437 -0.82223284
-0.04256501 -0.80163115 -0.51714957 -0.37336105
0.52442414 -0.98910868 -0.85322839 -1.02074385
0.65529901 -1.00277889 -0.91433352 -0.94963545
0.77288467 -0.87584096 -1.07820666 -1.22962487
0.83006608 -0.81334841 -1.01710153 -1.00741112
0.80308604 -0.86900586 -1.08653927 -1.15851641
0.89328915 -0.83971250 -1.01710153 -1.16444206
0.94724929 -0.87291157 -1.08931673 -0.98667103
1.05718493 -0.81530136 -1.21291590 -1.13333213
0.94402802 -0.86900586 -1.27263248 -1.02222526
0.15193538 -0.73620927 -0.56853354 -0.88297141
0.35650212 -0.88365251 -0.92266613 -0.88148999
1.17557561 -0.99887311 -1.07820678 -0.93482125
0.86671156 -0.88658184 -0.96432871 -1.10518503
0.89006788 -0.84361827 -1.14764452 -1.25036466
0.85986573 -0.83678317 -0.99904764 -1.25925326
0.93396091 -0.90122855 -0.91016734 -1.35702741
0.77610600 -0.94321567 -1.00043643 -1.01481807
0.75919300 -0.99887311 -0.98932636 -1.02074385
0.78617311 -0.87779385 -1.07404041 -1.27999330
0.90698081 -0.77331418 -0.76295924 -0.87556410
0.76926017 -0.87486452 -0.86017221 -0.96889389
0.64523113 -1.05843627 -1.04904282 -0.81334430
0.70563537 -0.94712150 -1.21708226 -1.24888337
0.73905879 -0.86998230 -1.03376663 -0.74223596
0.68550038 -0.96079171 -0.78101307 -0.72001439
0.75597173 -0.81725425 -0.71851915 -0.65927607
0.77288467 -0.86021781 -0.89350224 -0.90667409
0.85664445 -0.83483028 -1.06709659 -0.95704257
0.83650947 -0.80944270 -0.74490541 -0.81630713
0.87355739 -0.82408935 -0.96294010 -1.18518209
0.87677872 -0.79674894 -1.06431913 -0.94963539
0.91382587 -0.83678317 -1.27263248 -1.04000235
0.91704792 -0.87388808 -0.95321876 -0.73482877
0.68550038 -0.78893733 -0.96571755 -0.75556880
0.03434971 -0.74499726 -0.85322839 -0.95407969
-0.55277371 -1.05160105 -0.65741390 -0.91259986
-0.02927583 -0.77136129 -0.89072472 -0.74668014
0.63838607 -1.09651756 -0.94210875 -0.79408580
0.74912590 -0.86900586 -0.55603474 -0.11114890
0.84979862 -0.88755828 -0.94349742 -1.02666950
0.85664445 -0.84068888 -1.08792806 -0.75408727
1.01772070 -0.86607653 -1.15181077 -0.97926396
1.14859474 -0.95298016 -1.12125814 -0.85482424
1.19893110 -1.01644909 -0.94766372 -1.05777943
1.12846053 -0.90415788 -0.35188776 0.49623546
1.17879689 -1.00277889 -0.85183960 -0.87111986
1.14859474 -0.94712150 -0.18662587 -0.74519879
1.07812417 -0.89048761 -0.58380991 -0.44150662
1.09825838 -0.90513426 -1.03237772 -0.78223437
1.13530636 -0.90122855 -1.03515530 -0.99111533
1.18564272 -0.97055614 -1.02265656 -0.83852857
1.15866268 -0.95395654 -1.01710153 -1.03259528
1.21906614 -1.10042346 -0.68935531 -0.43409950
1.10832632 -0.87779385 0.21750183 -0.37484238
1.18886399 -1.00961399 -0.79767817 -0.89482266
1.14537346 -0.90806365 -0.57131112 -0.91556269
1.08617818 -0.88658184 -0.46993202 -0.97630113
1.12161469 -0.90122855 -0.59769744 -0.86815709
1.09825838 -0.84068888 -0.75046051 -0.98667103
1.13530636 -0.90122855 -1.13236821 -1.02370667
1.17195106 -0.97055614 -0.29633760 -0.61927766
1.22913325 -1.14241052 -0.52964836 -1.22518051
1.17879689 -1.00277889 -0.49631837 -0.72890306
1.14859474 -0.91782808 -1.12820184 -0.86074984
1.00443149 -0.82018358 -0.27272865 -0.01041196
0.94926316 -0.89634633 0.70912129 -0.20595987
0.96053851 -0.92466325 -0.43243560 -0.50668931
1.03785491 -0.83483028 -0.51437211 -0.70223737
0.90375876 -0.78405511 -0.90322363 -0.24003273
0.05126266 -0.66199946 -0.83100832 -1.05333519
-0.26082340 -0.73132706 -0.87128216 -0.75853151
-0.31115976 -0.67078745 -1.20736098 -0.96000540
-0.18028492 -0.65418786 -1.07404041 -1.02370667
0.32630000 -0.91782808 -0.89072472 -1.06370509
1.20899904 -0.89146405 -1.05182040 -1.21184766
1.29960382 -0.84850049 -1.02265656 -1.30814028
0.40361720 -0.63368249 -1.03515530 -0.96296823
0.28321269 -0.79674894 -0.79906690 -1.02666950
0.36656925 -0.86900586 -0.80462188 -0.87704557
0.69556749 -0.88951117 -1.14347827 -0.81926996
0.81637520 -0.85142982 -0.97821635 -1.43109858
0.76603884 -1.00961399 -0.90877855 -1.36147165
1.03584182 -0.85045338 -1.15319943 -1.37628591
1.07127833 -0.88267606 -1.09209430 -0.85334283
1.12000406 -0.92075747 -1.21291590 -1.13333213
1.16872978 -1.00180233 -1.27263248 -1.02370667
1.21906614 -1.10042346 -0.81156570 -0.85778713
1.17879689 -1.03597808 -0.89766848 -0.90815556
0.59207594 -0.82897162 -1.04487658 -0.80593723
1.03463364 -0.92466325 -0.64074880 -0.82371438
0.94724929 -0.98422635 -0.66019142 -1.21629190
0.68872243 -0.92173386 -0.99765891 -1.14073932
0.90698081 -0.94028634 -0.98932636 -0.86223137
1.03463364 -0.89439338 -0.79767811 -0.93482125
1.07127833 -0.88267606 -0.81017697 -0.94963539
1.11517131 -0.88072318 -0.97127259 -1.09333372
0.96053851 -0.91880459 -1.20319474 -1.10814798
1.09825838 -0.95395654 -1.33234894 -1.07851946
1.12161469 -0.90122855 -1.19763970 -0.93482125
1.13490391 -0.95298016 -0.88655841 -0.91556269
1.15866268 -0.95395654 -0.72824037 -0.70816314
1.15544057 -0.92466325 -0.12274312 -0.98963386
1.18201816 -1.01254332 -0.74907172 -0.72297740
1.12846053 -0.89829922 0.11890024 -1.02815092
1.14537346 -0.90806365 -0.34494382 -0.92741412
1.22913325 -1.14241052 -0.86989343 -0.97333825
1.16872978 -0.96079171 -0.57964361 -1.08592653
1.19570982 -1.01254332 -0.87683719 -0.98074543
0.58482766 -0.76159686 -0.18107083 -0.28595695
0.56147134 -0.88560539 -0.84628463 -1.03555810
0.26267523 -0.63465899 -0.58380991 0.09476919
0.93718219 -0.84850049 -1.03932154 -0.96593118
1.17879689 -0.91001654 -1.07681799 -0.92445111
1.22913325 -1.14241052 -1.14347827 -1.30369604
1.11839342 -0.94614506 -1.03237772 -0.67705327
1.25933540 -0.95981520 -1.05459785 -1.08740795
1.28953671 -0.96079171 -1.08931673 -1.30369604
1.26940250 -0.97446197 -0.92683238 -0.92889553
1.24926746 -1.05843627 -0.90183479 -1.00592959
1.29598010 -0.95298016 -1.03793275 -1.18962634
1.31973886 -0.90513426 -1.08376181 -1.21629190
1.29275882 -0.95688593 -1.13792312 -1.18666339
1.25933540 -1.05160105 -1.06431913 -0.97481960
1.31289303 -0.91392231 -0.92405492 -1.08444512
1.27946961 -0.96762681 -1.09348309 -0.89037842
1.25933540 -1.05160105 -0.86850458 -1.03111386
1.30967176 -0.91196942 -0.79212314 -1.16444206
1.41718948 -0.96372110 -1.07265174 -1.31999171
1.46068084 -0.92856902 -1.11431432 -1.19703341
1.41034448 -0.80358398 -1.08792806 -1.29332614
1.41034448 -0.92173386 -1.20319474 -1.22369909
1.47074795 -0.80846620 -1.21291590 -1.25629056
1.50417137 -0.91489881 -0.95321876 -1.21777344
1.07127833 -0.88267606 -0.44771188 -0.30373409
0.14508955 -0.84752405 -0.83239710 -0.56890923
0.49422204 -0.88755828 -0.77129185 -0.94815397
0.90698081 -0.97543836 -1.27263248 -0.82223296
1.12846053 -0.90415788 -1.27263248 -1.30665898
1.22913325 -1.14241052 -1.10320425 -1.43109858
1.22913325 -1.14241052 -1.12542439 -1.07407522
1.03785491 -0.93247473 -0.86294967 -1.02815092
0.89691293 -0.83092445 -1.05459785 -1.00148535
0.87033534 -0.87974674 -1.10875928 -1.19110775
0.88604087 -0.88365251 -0.97682762 -0.85482424
0.73583674 -0.89341700 -0.70463163 -0.66223896
0.66858745 -1.01547265 -0.35466525 0.37475857
1.20899904 -1.09358835 -0.72546291 -1.18518209
1.22913325 -1.14241052 -1.13375688 -1.24443913
1.32296014 -0.87584096 -1.33234894 -1.15259063
1.33987308 -0.90513426 -1.07820666 -1.27703035
1.36000812 -0.91489881 -1.10875940 -1.22221768
1.33302724 -0.90806365 -1.06293046 -1.23406911
1.32980597 -0.89829922 -1.07820666 -1.24443913
1.36363184 -0.85533559 -1.13375688 -1.29184461
1.38014233 -0.84850049 -1.03237772 -1.37776732
1.32980597 -0.89829922 -1.08376181 -0.83260280
1.31651676 -0.91489875 -1.21291590 -0.98370826
1.32296014 -0.90122855 -1.20736098 -0.93630260
1.34994018 -0.87291157 -1.00876904 -1.20444059
1.35678601 -0.90415788 -1.20319474 -1.42517292
1.34792709 -0.90513426 -0.97960508 -1.09185219
1.34994018 -0.91196942 -1.09348309 -1.14370215
0.55462629 -0.44132271 -0.73379540 -0.44743225
0.73583674 -0.88951117 -0.74907172 -0.61631477
1.19570982 -1.04769540 -0.39493921 -0.93185830
0.88684583 -0.78600800 -0.29217133 -0.44002512
1.06805706 -1.00961399 -0.45882186 -0.78964156
0.98751855 -0.90415788 0.09529162 -0.18818282
-0.07961220 -0.83678317 -1.01987910 -0.21040426
0.48415491 -0.82897162 -1.23374736 -1.14814639
0.57476050 -1.00863755 -0.92822117 -1.02370667
0.57798183 -1.04769540 -1.19763970 -0.58816767
0.62509686 -1.14241052 -1.26707745 -0.95259827
0.62509686 -1.14241052 -1.14625573 -1.13185072
0.12857908 -0.71472746 -0.35466525 -0.80593723
-0.46216884 -0.88658190 -0.47132066 -0.93333972
-0.49237022 -0.89244056 -1.03237772 -1.11259222
0.09837696 -0.86900586 -1.01710153 -1.20740342
-0.49237022 -0.86900580 -0.90600109 -0.87111986
-0.58297580 -1.14241052 -1.15736580 -0.82519573
-0.58297580 -1.14241052 -1.07265174 -1.00592959
-0.60311007 -1.05745983 -1.21291590 -0.88445270
-0.67358142 -0.79284310 -1.15319943 -1.14222074
-0.58297580 -1.14241052 -1.02821147 -0.47261658
-0.67358142 -0.76159686 -1.09764934 -1.00889254
-0.71787769 -0.62294161 -0.98516011 -1.04444671
-1.02593601 -0.80456042 -0.92683238 -0.88741559
1.00080776 -0.58974254 0.44525775 -0.30669680
-0.12672727 -0.42081746 0.01057740 0.08143646
0.25582939 -0.62489444 -1.14208949 -0.88593411
-0.11665937 -0.56044906 -1.07820666 -0.90371126
0.09475320 -0.91489881 -1.33234894 -1.11999929
0.81637520 -0.77917290 -0.79212314 -0.55705780
0.71570247 -0.84850049 -1.09764934 -0.50224513
0.36334795 -0.77136129 -1.06848538 -1.35702741
0.44388568 -0.79284310 -1.20736098 -0.98963398
0.52120286 -0.88755828 -0.86989343 -1.35110164
0.59489477 -1.05160105 -0.95044118 -0.82223296
0.46402067 -0.83385384 -1.02404523 -1.03852093
0.52442414 -0.89829922 -1.07820678 -1.12592494
0.53449130 -0.91099298 -1.08792806 -1.02666950
0.61502975 -1.10042346 -1.21291590 -1.14370215
0.54455841 -0.96469748 -1.21291590 -0.86815709
0.32307872 -0.76843196 -1.33234894 -0.88593411
0.35005876 -0.76745552 -1.26291120 -0.88889700
0.42053014 -0.77429068 -1.33234894 -0.86667567
0.42375144 -0.81334841 -1.07820666 -1.11999929
0.40361720 -0.73327988 -1.15319943 -1.26962328
0.36012590 -0.78698444 -1.08792806 -0.84149140
0.35328084 -1.01644909 -1.01293528 -1.04296517
0.61825109 -1.04769540 -1.02265656 -1.20592201
0.29287657 -0.78503156 -1.13792312 -1.19407058
0.50106788 -0.86900586 -0.99904764 -0.99852246
0.46079862 -0.80260754 -1.20736098 -0.96741253
0.57476050 -1.00277889 -1.20736098 -0.81778854
0.61180770 -1.09651756 -1.20736098 -0.89778560
0.33314583 -0.92856902 -1.26291120 -0.84000999
0.54133713 -0.94516855 -1.02404523 -1.05333519
0.62509686 -1.14241052 -1.07404041 -1.15407205
0.58845216 -1.00863755 -1.19902837 -1.11259222
0.61180770 -1.09651756 -1.06848538 -1.12148082
0.62509686 -1.14241052 -1.26291120 -1.30814028
0.62509686 -1.14241052 -1.26291120 -0.97630113
-0.21048704 -0.76647907 -0.75462681 -0.76445729
-0.38163036 -0.61122429 -0.08802419 -1.08740795
-0.25075552 -0.88267612 -0.50742835 -0.32151115
0.15515667 -0.81627780 -0.70185405 -0.63409179
0.66214406 -0.95688593 -1.03932154 -1.04000235
0.71248043 -0.95005077 -1.00876904 -1.24295759
0.65529901 -1.05160105 -1.01849020 -1.08444512
0.69556749 -0.95395654 -1.01849020 -1.02963233
0.65207696 -1.01254332 -1.27263248 -0.86963844
0.83650947 -0.91880459 -1.06431913 -1.17925632
0.94402802 -0.86900586 -1.01849020 -1.21777344
1.09141338 -0.83775961 -1.15736580 -1.36591601
1.00765359 -0.81334841 -1.13375688 -0.73927307
-0.26082340 -0.67859894 -0.05886038 -0.57335347
-0.21048704 -0.69715148 -0.28383872 -0.32447404
0.67543322 -0.83971250 -0.30467004 0.25031906
0.77610600 -0.84068888 -1.27263248 -0.51557791
0.86348951 -0.89244056 -1.13375688 -1.17481208
1.08134544 -0.87584096 -1.14347827 -0.91111839
0.94724929 -0.87779385 -1.14764452 -0.84889853
0.92389375 -0.86900586 -1.27263248 -1.01778102
0.93033636 -0.83580667 -1.07265174 -0.90074837
-0.05263213 -0.77624351 -0.89905733 -1.00296676
0.09153114 -0.70789236 -0.15607324 0.09032489
-0.29787058 -0.73718578 -0.37549657 -0.49631935
0.08468608 -1.00570822 -0.47548696 -0.26077268
1.20899904 -1.09358835 -1.15319943 -0.71260750
1.22913325 -1.14241052 -1.14764452 -0.87556416
1.22913325 -1.14241052 -1.15319943 -0.95259827
1.22913325 -1.14241052 -1.27263248 -1.23703194
1.22913325 -1.14241052 -1.33234894 -1.44146860
1.22913325 -1.14241052 -1.20319474 -1.03703952
1.22913325 -1.14241052 -1.33234894 -1.08592653
1.21584404 -1.09651756 -0.43382436 -0.09929739
0.44388568 -0.57021362 -0.41993681 -0.66520178
0.59167349 -0.86802936 -0.34911022 -0.44743216
-0.16015068 -0.77819639 0.40915006 -0.49780077
0.53126997 -0.79089022 -0.50881708 -0.11855593
0.78939515 -0.92173386 -1.14764452 -0.64594322
0.97745144 -0.86998224 -1.14764452 -1.05333519
1.00765359 -0.83483028 -1.15319943 -0.96593112
1.01772070 -0.89341700 -1.14347827 -1.07851934
1.19570982 -1.04769540 -1.01849020 -1.09777796
0.89691293 -0.90611076 -1.03793275 -0.62964761
1.02778780 -1.01937842 -1.14347827 -0.77779007
1.22913325 -1.14241052 -1.16430950 -1.15851641
1.22913325 -1.14241052 -1.21291590 -0.57927907
0.89328915 -0.89732277 -1.03932154 -0.97630113
1.00765359 -0.99594378 -1.20319474 -0.91704410
1.21906614 -1.10042346 -1.14764452 -1.14073920
1.15181684 -0.96665037 -1.14347827 -0.73927295
0.41368431 -0.69031632 -0.98377138 -0.11559312
1.22591197 -0.82897162 -0.90322363 -0.77038294
0.68550038 -0.73523283 -0.94627500 0.05032666
0.94040424 -0.87486452 -1.33234894 -0.99407816
0.90698081 -0.87291157 -0.98516011 -0.87408280
0.97745144 -0.83483028 -1.19763970 -1.02963233
1.14859474 -0.99887311 -1.00876904 -1.19555211
1.22913325 -1.14241052 -1.14347827 -0.77927154
1.22913325 -1.14241052 -1.07404041 -1.12592506
1.22913325 -1.14241052 -1.06848538 -1.05037236
1.22913325 -1.14241052 -1.13792324 -1.28295612
1.22913325 -1.14241052 -1.08376181 -1.16444206
1.22913325 -1.14241052 -1.07265174 -1.09629655
1.17557561 -0.99887311 -1.14347827 -1.14518356
1.22913325 -1.14241052 -1.20319474 -1.03259528
1.27624834 -1.04769540 -1.07820666 -1.26221609
1.22913325 -1.14241052 -1.07404041 -0.95111686
1.22913325 -1.14241052 -1.19347334 -1.00296664
1.19893110 -1.05160105 -0.97543877 -0.98667103
1.23920035 -1.10042346 -1.19347334 -0.68742323
1.18886399 -1.00961399 -1.13375688 -0.84000999
1.20899904 -1.05843627 -1.09348309 -1.24888337
1.07450044 -0.90415788 -0.98932636 -0.94222832
1.07812417 -0.90513426 -1.08376181 -0.66372043
1.19893110 -1.05160105 -1.08653927 -1.12444353
1.20899904 -1.05843627 -1.08792806 -0.81778854
1.22913325 -1.14241052 -1.27263248 -1.02518809
1.19570982 -1.04769540 -1.33234894 -0.98370826
1.22913325 -1.14241052 -1.11986935 -1.01629949
1.16188395 -0.99887311 -1.07820678 -1.11999941
1.18886399 -1.04476595 -1.21291590 -1.15851641
1.22913325 -1.14241052 -1.10320425 -0.93926543
1.13127935 -0.90220499 -1.21708226 -0.90519267
1.17879689 -1.00277889 -1.14764452 -1.03852093
1.12846053 -0.90415788 -1.20319474 -0.82964009
1.16872978 -0.96079171 -1.20319474 -1.20295918
1.22913325 -1.14241052 -1.00876904 -0.92593259
0.93718219 -0.88267612 -1.20319474 -0.92593259
-0.28095764 -0.79479599 -0.57964361 0.03847523
0.60496265 -0.87974674 -0.44076803 -0.72742164
0.69234622 -0.82506579 0.25360951 0.12736084
0.74590385 -0.89536983 -0.15468459 -0.30225259
0.70885664 -0.96665037 -1.11431432 -0.13337018
1.22913325 -1.14241052 -1.15736580 -0.90222985
1.22913325 -1.14241052 -1.27263248 -1.09925938
1.22913325 -1.14241052 -0.99904764 -1.07851946
1.25933540 -1.05160105 -1.02821147 -1.00741100
1.22913325 -1.14241052 -1.20319474 -1.43554282
1.30967176 -0.96079171 -1.20736098 -1.09777796
1.27946961 -0.96762681 -1.08792806 -0.87556410
1.26940250 -1.00961399 -1.10459316 -0.71260738
1.27946961 -1.05160105 -1.10875940 -0.87111986
1.38014233 -0.76940840 -1.00460267 -0.75408727
-0.23062128 -0.75964397 -0.77406931 -0.86371273
0.04119477 -0.81823069 -0.84072953 -0.06522461
0.99758565 -0.84068888 -1.10459316 -1.00444818
1.19893110 -1.06136560 -1.19347334 -1.05777943
1.22913325 -1.14241052 -1.14764452 -1.05926096
1.32980597 -0.90122855 -0.93099868 -0.96444970
0.68550038 -0.99399090 -1.06293046 -1.03407669
1.06805706 -1.04476595 -1.09348309 -0.78223437
1.19893110 -1.05160105 -1.20180595 -1.29628897
1.16872978 -1.00180233 -1.15736580 -0.97778243
1.12846053 -0.89829922 -1.08376181 -1.24295759
1.09906328 -0.93052191 -1.27263248 -0.90222985
0.92026925 -0.76647907 -1.14764452 -0.40298945
1.19893110 -1.05160105 -1.14764452 -1.09333372
1.21906614 -1.10042346 -1.01293528 -0.95111686
1.25248957 -1.05453038 -0.95877379 -1.00296664
1.17879689 -1.00277889 -1.26291120 -1.24592054
1.10027230 -0.94126284 -1.33234894 -1.11407351
1.21584404 -1.09651756 -1.33234894 -1.08444512
1.22913325 -1.14241052 -1.27263248 -0.99852246
1.22913325 -1.14241052 -1.20319474 -1.12888789
1.22913325 -1.14241052 -1.27263248 -1.06222379
1.22913325 -1.14241052 -1.10320425 -0.98815256
0.99436438 -0.83678317 -1.20319474 -1.06814945
1.22913325 -1.14241052 -0.81989825 -0.77334583
0.85342240 -0.74792665 -1.03793287 -0.03115182
-0.27089053 -0.79772526 -0.79212314 -0.34225118
0.15193538 -0.82506579 -0.30605885 -0.14077738
-0.03934295 -0.75280887 -0.59214246 -0.14670309
-0.28740099 -0.93540412 -0.43104678 0.43549702
0.23247311 -0.91880453 -0.20467971 -0.65779459
1.14859474 -0.98910868 -1.26707745 -0.88889700
1.17557561 -1.09651756 -1.21291590 -1.11851788
0.70563537 -0.90220499 -1.07265174 -1.00889242
0.32630000 -0.96665037 -1.20319474 -0.82815856
0.62509686 -0.96079171 -1.15736580 -1.11555505
0.42053014 -0.77721995 -1.07820678 -0.74371737
0.06455107 -1.00570822 -0.94349742 -0.76297593
0.13180038 -0.86607653 -0.89905733 -0.35410252
0.58482766 -0.93540412 -0.90738982 -0.71112609
0.80308604 -0.79870176 -1.02265656 -1.10222220
0.03112765 -0.70105720 -0.70324278 -0.77482730
0.90375876 -0.82799512 -1.00876904 -1.11555505
0.95731717 -0.91489881 -1.09764934 -0.90222985
1.19893110 -1.05160105 -1.10875940 -1.30665898
1.19893110 -0.97739124 -1.06848538 -1.24443913
1.24926746 -1.09358835 -0.98932636 -0.98370826
1.22913325 -1.14241052 -1.09209430 -1.21777344
1.22913325 -1.14241052 -0.96155125 -1.25184619
1.25933540 -1.01644909 -1.13792312 -1.22369909
1.14859474 -1.00473177 -0.41021550 -0.39113820
-0.02122183 -0.60634208 -0.26022995 -0.09485308
0.64523113 -0.72839773 -0.29494879 0.07106652
0.95731717 -0.88462895 0.11195647 -0.04004044
1.27946961 -0.96372110 -0.74212795 -0.72742164
1.41034448 -0.87291157 -0.95044118 -0.60150045
1.51786220 -0.85533565 -0.67407900 -1.03703952
1.52793014 -0.88267612 -0.90183479 -0.82075143
1.38698816 -0.90806365 -0.87683719 -0.92296982
1.36322939 -0.88560539 -0.40466037 0.10810212
1.21906614 -1.10042346 -0.22412220 -0.54816926
1.31651676 -0.95590949 -0.97821629 -0.97926396
1.24926746 -1.09358835 -1.21708226 -1.13777637
1.31973886 -0.67371672 -0.12135430 0.70215368
