33.80000000 3.44600000 16.55000000 3.58799996 14.40000000 2.77200005
33.30000000 5.34799995 15.45000000 2.47799988 19.00000000 2.42399998
34.40000000 5.36200027 15.13399963 2.60000000 15.73399963 4.99000015
33.77999878 4.50799980 18.06600037 2.91800003 15.35599976 4.41399994
38.12600098 1.88400002 17.90000000 3.28600006 14.80999908 4.60000000
37.70000000 3.41200027 15.03399963 3.50800018 16.35000000 2.53600006
29.53399963 3.62999992 15.46799927 4.03199997 16.73399963 2.82199993
33.85000000 3.02399998 14.11600037 2.53200016 18.00000000 3.30399971
35.56600037 3.30000000 13.35000000 3.64200020 15.60000000 5.17600021
36.48399963 2.64200001 15.40000000 3.23400002 16.70000000 3.18800011
37.83399963 4.28799973 14.56600037 4.06199989 16.03399963 2.95600014
34.55000000 3.79799995 17.38200073 2.01400013 14.25000000 4.09399986
35.00000000 4.07200012 14.93200073 3.04400005 16.61600037 3.88000031
33.61799927 3.67799988 18.15000000 1.65200005 19.70000000 2.79400005
32.65000000 3.87200012 14.25000000 5.00999985 18.55000000 4.69400024
36.33399963 4.17399979 16.51600037 3.70200005 19.66600037 2.93599987
34.11600037 3.21200027 19.03399963 2.11200008 18.55000000 3.17799988
35.75000000 4.64200020 15.95000000 2.47600002 15.93399963 4.04400024
33.38200073 4.34599991 17.38399963 2.21800003 16.06600037 4.71599998
32.45000000 5.63600006 12.93399963 3.99000015 14.51600037 3.13199997
30.46000061 3.18199997 14.90000000 3.76599998 15.62399902 2.95799999
36.18399963 5.35799980 15.83399963 3.70600014 17.13399963 3.66800003
33.90000000 4.30400009 17.30000000 3.04399986 12.06600037 3.47799988
35.71600037 4.44400024 16.96399994 2.71000004 15.10599976 2.52199993
34.66600037 5.52799988 15.96600037 2.94000015 17.70000000 3.63600006
33.10000000 3.96399994 15.81799927 2.89400005 17.21600037 2.35999985
36.70000000 3.49600029 16.06600037 2.96399994 16.81600037 2.87799988
33.66600037 3.45599976 15.25000000 3.02399998 14.35000000 3.85999985
34.95000000 4.38600006 16.10000000 3.52400017 15.90000000 4.73199997
35.55000000 4.12000008 16.38399963 2.48800011 16.80000000 3.14400024
34.75000000 3.46399994 16.35000000 2.99199982 18.73399963 3.42399979
36.00000000 3.90799980 14.16600037 3.21599998 16.68399963 3.96399956
33.20000000 4.62999992 14.55000000 2.35999985 14.86600037 2.38199997
32.85000000 4.39799995 13.98399963 4.17999992 14.33399963 3.82000008
34.11600037 2.14599991 15.60000000 3.82399979 17.31600037 2.59400005
32.96600037 4.02399979 16.51600037 3.12600002 17.06600037 3.24599991
34.61600037 3.12800026 19.16600037 2.73399982 15.18399963 2.17399998
36.65000000 2.59200001 15.20000000 3.90199966 16.70000000 3.64599991
33.35000000 2.93200035 18.11600037 4.26000023 16.98399963 3.44599991
31.86400146 3.97799988 18.50000000 4.03799973 15.36199951 3.82999992
36.05000000 2.86399994 15.08399963 3.75599976 16.00000000 3.40400009
31.10000000 7.48399963 15.23399963 4.22599983 16.66600037 2.93999996
33.50000000 4.23400002 16.20000000 1.83400002 16.75000000 2.31000004
34.90999756 4.65800018 17.28999939 4.09000015 16.51000061 2.89599991
32.80000000 2.87600002 15.85000000 3.67800026 18.33200073 3.32200012
34.41799927 3.10799980 15.85000000 3.74199982 19.08399963 2.80800018
33.36600037 6.38600006 13.75000000 3.95599976 17.98399963 2.67400017
33.60000000 4.52000008 14.18399963 3.10399990 17.75000000 3.08999977
34.91600037 1.36599998 15.95000000 3.28600006 18.88399963 3.20200005
30.93399963 4.58800011 16.05000000 3.66199989 16.81600037 4.53800011
33.55000000 4.98400002 16.65000000 3.32000008 17.70000000 2.33199997
34.41199951 3.97199974 14.35000000 4.20200005 17.15000000 3.84799995
34.61600037 2.65799999 15.60000000 2.94200001 16.20000000 3.08200016
33.30000000 3.43800011 15.25000000 4.22399979 16.91600037 4.44799957
33.90000000 2.50799999 14.43399963 3.23000031 17.78200073 3.00599976
32.95000000 6.42200012 14.00000000 3.02000008 16.65000000 3.91999969
32.25000000 3.94599991 14.68399963 3.81000023 17.15000000 2.38999996
34.31799927 3.38400002 16.04799957 3.02399998 16.66600037 3.22000008
33.44599915 4.50000000 14.78999939 3.25800018 14.86600037 2.42600002
36.85000000 4.44400024 15.93399963 2.67000008 15.33399963 2.86999989
36.98399963 2.74200001 15.16600037 3.55400009 16.05000000 2.62600002
30.63200073 4.12000008 13.46600037 4.80400009 16.75000000 2.73599987
32.70000000 4.34199982 14.93999939 3.37199974 19.46000061 1.43400002
31.33399963 4.40600014 16.55000000 5.48199997 15.48200073 4.88799973
36.80000000 3.47200012 16.08399963 3.50199966 18.40000000 3.54199982
38.45000000 3.97599983 18.98399963 2.69799995 16.60000000 3.86200027
35.65000000 3.13600006 17.80000000 2.56000004 16.13399963 4.86399994
35.01600037 3.42399979 16.71600037 3.38200035 15.65000000 3.72999992
33.66600037 4.07000008 15.20000000 2.05599995 19.26600037 2.62200012
33.56799927 2.94400005 15.31600037 2.77799988 15.21799927 4.50799980
36.00000000 6.57399979 14.88999939 4.10400009 16.18000031 1.98199997
35.15000000 3.92600021 15.58399963 3.09599991 16.60000000 3.28799973
33.16600037 4.13000031 13.55000000 2.37999992 17.73399963 2.68800011
31.00000000 3.42000008 15.10000000 2.58400002 14.58399963 3.21200027
33.55000000 4.96199989 12.75000000 3.15799980 15.28399963 2.60000000
34.05000000 3.04000015 17.28399963 3.05799999 16.90000000 3.36399994
34.80000000 3.17600021 18.50000000 2.59199982 17.08399963 3.28199997
35.15000000 3.90200005 14.81600037 2.25200005 21.13399963 2.82600002
34.88999939 5.16400032 17.20000000 3.46200027 19.15000000 3.63800011
38.63399963 3.64799995 13.88399963 5.67400017 14.56600037 3.77599983
34.20000000 5.46800041 16.25000000 2.43599987 16.75000000 3.05399990
33.40000000 4.42999992 12.81600037 4.62000008 17.98399963 3.15999985
34.78399963 4.21200027 14.95000000 2.48199997 15.71600037 3.47600021
33.00000000 3.87000008 13.60000000 4.18600006 16.73399963 5.35799980
34.86600037 2.79999981 14.78399963 2.76799984 15.31799927 3.81400032
36.31600037 2.57799988 14.96600037 3.09200020 17.70000000 3.77800026
32.80000000 3.79799995 16.11600037 4.19199982 15.78399963 4.02200012
34.13200073 5.66000023 15.11600037 3.47000008 17.55000000 2.11199989
29.36600037 6.17999992 14.68399963 3.03199997 17.60000000 3.37799988
32.30000000 4.83199997 18.66799927 1.96599998 17.35000000 3.73999977
36.86600037 3.78399963 15.41600037 5.67599983 15.23399963 3.77399979
33.23399963 4.94400024 17.46600037 2.89399986 18.85000000 3.65200005
35.58399963 4.36800003 16.75000000 3.35800018 14.30200043 3.86399994
34.50000000 2.65800018 15.23200073 3.41200027 14.96600037 3.86800003
34.75000000 3.29799995 13.70000000 2.81600018 14.05000000 4.65200005
31.50000000 4.07200012 17.63399963 3.46599998 16.63399963 2.11199989
35.31400146 4.04799995 16.20000000 3.18999996 13.33600006 4.35000000
33.95000000 4.96599998 15.90000000 3.35400009 16.50000000 4.89399986
34.92000122 3.82000008 16.25000000 2.56599998 15.76999969 4.17999992
36.11600037 5.12799988 15.96600037 3.55599976 16.65000000 2.38600006
33.23399963 3.33600006 13.91600037 3.30000000 17.28399963 2.96200008
32.66600037 5.07599983 14.51600037 2.93199997 17.00000000 4.78799973
32.36600037 4.50200005 18.80000000 2.84200001 18.13399963 3.06399994
31.41600037 4.49000015 17.00000000 2.71799984 17.03399963 3.14599991
37.85000000 4.40599976 18.11799927 2.87400017 15.00000000 3.62199974
35.10000000 4.95200005 16.50000000 3.18000011 16.30000000 3.63399963
33.34199829 3.85200005 13.77799988 4.72999992 15.98399963 3.57000008
34.90000000 5.46599998 12.43399963 3.37400017 17.30000000 2.96999989
33.50000000 3.18400002 15.15000000 2.65600014 16.40000000 4.00999985
35.06600037 2.85599976 16.06600037 3.69199982 18.25000000 3.36800003
36.05000000 4.80000000 14.73200073 2.97399998 16.81600037 2.65600014
33.15000000 6.65200043 14.45000000 4.76399994 15.66600037 2.80399990
30.83399963 6.52400055 14.01600037 3.27599983 17.15000000 3.40200005
32.25000000 4.86399994 16.55000000 3.04399986 15.50000000 3.18199997
35.00000000 5.71200027 14.30000000 4.15599976 13.36600037 2.90199986
34.45000000 4.13200035 17.90000000 2.52599983 15.65000000 3.72000008
31.86600037 4.30999985 16.95000000 3.76599998 18.61600037 2.42000008
34.35000000 4.80400009 16.95000000 4.86600037 14.00000000 3.92200012
34.83399963 5.06599998 17.10000000 1.78800011 16.56600037 3.95000000
36.65000000 3.79000015 16.06799927 2.79399986 14.65000000 4.21599998
33.05000000 4.79799995 15.45000000 3.02399998 15.96600037 3.20000000
32.75000000 4.04799995 14.65000000 3.18199997 14.21600037 4.39200020
30.11799927 5.15200043 16.90000000 1.94399986 15.70000000 3.71399994
32.85000000 4.63800011 13.40000000 3.15399971 16.95000000 3.98799973
32.75400085 3.16799984 12.90000000 4.07400017 16.22599945 3.74799995
33.20000000 4.45800018 16.21600037 3.83400002 16.51600037 2.54799995
31.61400146 5.61599998 15.08399963 3.11600018 15.78999939 4.45200005
32.58200073 3.13400002 15.21600037 3.52999992 14.04600067 4.42599983
32.20000000 4.53199997 14.13200073 3.03999996 14.78399963 3.17000008
32.40000000 4.64000015 16.15000000 2.77399998 15.40000000 2.94799995
35.35000000 3.34400024 12.33399963 3.75600014 14.58399963 2.64199982
36.92600098 2.75599976 16.05399933 3.05000000 13.68399963 3.64000015
33.35000000 3.99599991 14.91799927 4.46599998 18.46600037 2.82599983
32.75000000 6.12600021 18.41600037 2.89799995 18.85000000 2.22799988
31.70000000 5.12799988 15.01600037 2.81200008 18.90000000 3.52200012
33.75000000 3.63199997 17.45000000 3.94599991 15.80000000 2.43999977
35.55000000 4.53400002 15.96799927 3.84199982 18.25000000 2.66400013
36.30000000 3.73199997 13.20000000 4.34000015 16.55000000 3.70999985
32.10000000 3.00599976 15.35000000 2.10599995 15.05000000 3.23600006
34.08399963 4.58799973 15.48399963 4.40000000 17.45000000 2.22399998
34.05000000 4.28400002 14.43399963 2.88199997 19.21600037 2.78999996
33.15000000 4.80200043 17.20000000 3.87200012 19.45000000 2.35400009
33.28399963 3.88600006 14.96600037 4.58199997 15.50000000 5.39999962
37.15000000 2.90599995 15.10000000 4.31399994 15.30000000 2.97600002
33.35000000 4.37799988 15.20000000 4.23199997 17.35000000 2.58400002
33.25000000 3.65000000 15.30000000 3.37399979 14.66600037 4.28400002
33.28200073 3.52600021 14.83399963 5.05799980 17.23600006 3.91000023
33.56600037 4.46599960 15.33399963 3.31800003 19.00000000 4.45999985
34.28399963 4.77799988 14.93399963 2.13599987 15.65000000 3.84200020
32.98399963 4.00200005 15.45000000 2.92799988 17.48399963 4.09599991
34.38399963 4.99599991 15.36999969 2.44600010 17.50000000 2.95599995
35.85000000 2.94400005 13.68399963 3.21999969 16.58399963 3.47799988
30.65000000 3.83600006 18.48399963 2.17000008 17.76600037 3.51199989
33.50000000 5.32400017 14.31600037 3.32999992 17.31600037 3.11399994
32.88399963 3.83600006 17.08399963 2.55799999 16.33399963 3.79799995
32.90000000 6.07400055 16.63399963 3.73600006 15.70000000 2.43599987
35.75000000 4.33400002 15.88399963 2.26199989 15.03399963 2.17399998
33.41600037 3.70200005 16.35000000 3.67599983 15.28399963 5.48600006
32.75000000 4.94799995 14.88399963 3.18999996 14.45000000 3.29399986
30.73399963 4.87999992 13.00000000 3.17599983 12.86600037 4.17800026
31.90000000 4.55800018 14.08399963 3.72599983 16.60000000 2.92000008
35.45000000 4.53199997 14.80000000 2.37600002 19.76600037 2.40599995
35.35000000 3.85800018 18.83399963 2.64799995 16.73399963 3.90600014
28.91600037 3.58599968 14.35000000 2.74400005 16.65000000 3.63199997
33.40000000 4.72599983 16.63399963 3.23399963 21.35000000 2.48199997
34.60000000 4.40399971 17.53399963 2.29200001 20.05000000 2.51800003
32.86600037 4.71399994 14.63399963 2.71800003 19.05000000 2.58999996
36.36400146 5.95399971 13.30000000 3.99600029 14.80000000 3.21000023
33.40000000 3.77399979 14.68399963 3.51200027 17.26600037 1.70399990
31.45000000 3.33400002 17.25000000 2.70200005 18.60000000 2.86399994
32.91600037 5.08600044 16.90000000 2.24200020 17.08399963 3.91399994
31.71600037 6.02799988 15.76600037 3.12600002 17.51600037 2.75200005
30.76600037 6.65200043 13.45000000 4.01800003 16.01600037 3.91599998
32.03399963 4.54400024 17.66600037 2.59599991 17.40000000 3.09400005
33.95000000 5.06599998 15.20000000 3.40000000 16.13399963 2.63000011
32.76600037 4.53199997 15.36600037 3.33600006 14.45000000 3.92799988
31.95000000 3.51800003 17.00000000 4.70600014 15.66600037 2.97200012
33.00000000 4.74000015 16.81799927 2.73600006 20.23399963 3.31599998
33.30000000 5.48600006 16.06600037 4.22000008 19.13399963 4.27000046
31.88399963 4.17200012 16.45000000 3.75000000 16.75000000 3.19200020
33.88399963 4.95799980 16.81600037 3.02199993 16.05000000 3.07799988
36.15000000 3.70600014 15.91999969 2.90200005 15.86999969 3.68400002
34.71600037 2.59799995 15.51799927 2.52399998 16.05000000 3.80400009
32.11600037 3.70400009 15.61799927 4.90200005 14.90000000 3.65999985
32.95000000 5.42800026 15.60000000 4.11399994 17.18399963 3.00200005
33.05000000 5.14599991 15.90000000 4.20200005 17.51600037 2.24599991
33.85000000 3.69000015 12.71600037 3.58400002 18.05000000 2.51199989
34.65000000 3.99599991 15.40000000 4.64000015 12.46600037 3.56599998
34.46600037 4.72399979 13.51600037 3.67999992 15.53399963 2.93399982
34.80000000 4.15000000 16.11600037 2.96000023 18.03399963 3.69799995
31.98399963 4.79000015 17.10000000 4.53600006 17.38399963 4.43400002
31.50000000 4.98400002 14.85000000 3.70600014 15.00000000 4.85399971
33.13399963 5.69400024 14.70000000 3.20200005 16.23399963 2.95200005
32.91600037 4.00000000 16.60000000 3.32999992 15.63399963 3.96399994
31.26600037 5.90399971 16.70000000 3.06600018 15.80000000 3.69200020
34.10000000 4.81000023 16.33399963 3.05600014 17.83399963 4.03000031
35.18200073 5.55200043 18.60000000 2.98400002 16.90000000 2.22600002
31.95000000 5.67200012 14.90000000 1.89600010 16.51600037 3.95799980
33.70000000 5.41599998 13.75000000 3.44599991 15.20000000 3.07199993
35.23399963 4.60999985 12.46600037 4.05199966 13.91600037 2.31200008
31.46600037 2.48600006 15.05000000 2.34400005 16.38200073 2.10799980
31.95000000 4.88199997 15.25000000 2.66599998 15.21600037 3.03600006
29.60000000 6.68799973 14.71600037 3.35800018 14.76600037 3.60200005
36.25000000 4.41800003 13.85000000 3.16599979 16.95000000 4.13199997
33.40000000 5.23600006 15.35000000 4.04000015 12.28399963 5.02799988
33.36600037 2.90799999 15.41600037 4.19799995 17.35000000 2.76599998
34.06600037 4.56200027 14.91600037 3.75200005 15.58399963 3.20800018
34.20000000 5.43399963 16.00000000 2.10399990 14.31600037 4.31800003
33.85000000 4.54000015 14.63399963 2.15599995 17.08399963 1.43799992
32.90000000 4.43600006 17.20000000 2.80400009 17.83000031 2.73600006
34.01600037 4.12200012 17.70000000 2.54199982 20.06600037 1.98400002
36.40000000 2.96399994 17.01600037 3.40999985 16.10000000 3.74200020
34.65000000 4.82799988 18.31600037 2.69000015 16.01799927 3.64000015
31.20000000 5.22400017 16.77399902 2.71599998 18.71999969 4.01599998
34.95599976 4.16599998 14.46199951 2.95399990 17.76600037 3.59400024
33.30000000 4.33800011 14.80000000 2.81599998 15.95000000 3.96199989
30.85000000 3.40800018 16.15000000 2.13600006 13.56600037 2.87399998
31.20000000 4.20200043 14.21600037 2.91599979 14.66600037 3.53799973
34.55000000 3.51399994 13.40000000 5.20800018 16.05000000 3.24799995
34.71600037 5.07200012 13.93399963 2.58999996 16.96600037 2.64200001
33.11600037 4.64000015 14.96600037 2.89400005 14.71600037 4.63600006
32.15000000 5.21800003 15.18399963 3.42000008 15.53399963 3.20200005
34.41600037 4.24799995 15.20000000 4.64000015 15.80000000 3.82600021
32.85000000 5.21999969 14.95000000 4.59000015 16.40000000 4.32400017
32.55000000 7.13600006 14.65000000 5.07999992 15.55000000 3.55200005
35.50000000 3.98400002 18.09599915 1.71399994 15.06399994 3.37000008
35.06600037 6.11599960 16.89599915 3.14400005 18.09799957 3.91599998
35.15000000 4.02799988 17.13399963 2.43600006 18.41600037 4.05999985
33.65000000 2.95199986 16.28399963 3.53400002 17.83399963 2.53799992
33.63200073 5.95000000 16.98200073 2.90200005 17.31799927 1.84399986
32.96600037 4.42799988 15.75000000 3.01200008 14.95000000 3.98200035
33.75000000 5.00400009 14.30000000 2.69400005 14.23399963 3.71599998
32.00000000 4.28199997 17.21600037 3.24400024 15.81600037 2.80799999
34.83399963 3.72999992 12.86600037 3.70200005 16.61600037 3.61800003
37.68399963 4.56399994 14.70000000 4.00999985 15.08399963 2.34200001
32.55000000 3.83600006 15.16600037 1.73199997 17.16600037 2.77999992
30.45000000 5.49799995 16.10000000 1.85400009 14.65000000 2.70000000
38.18399963 2.29199982 14.68399963 2.97800007 17.23399963 3.06999989
34.41600037 3.18800011 13.95000000 4.18800011 17.75000000 3.08600006
35.90000000 4.70800018 13.61600037 2.71199989 17.43399963 3.45399971
31.90000000 2.68799992 14.60000000 4.42999992 16.90000000 2.09200001
31.15000000 4.23600006 10.63399963 3.12400017 16.75000000 3.95600014
34.36600037 3.15999985 16.66799927 2.73599987 15.40000000 1.79799995
33.90000000 2.65999985 13.35000000 2.48199997 16.40000000 2.43400002
36.51600037 1.78799992 15.78399963 3.39399986 15.55000000 3.00599995
34.30000000 3.87800026 17.13399963 3.38400002 15.38399963 3.36800003
34.00000000 3.89799995 17.90000000 2.69600010 18.71600037 2.37399998
34.35000000 4.31199989 18.00000000 4.30200005 18.81600037 2.95200005
32.45000000 4.55999985 18.81999969 2.57800007 16.42600098 3.16599998
33.89800110 4.01800003 16.46600037 4.65000000 19.95000000 1.75399990
34.36600037 3.41199989 11.85000000 2.90599995 15.41600037 4.92200012
34.78200073 2.99200001 17.45000000 2.56800003 17.11600037 2.17599983
37.10000000 5.09599991 14.66600037 4.07200012 19.00000000 2.38400002
36.21600037 3.26599998 15.61600037 2.05200005 14.00000000 2.80999985
33.05000000 4.41599998 13.03399963 2.88800011 15.85000000 3.61399994
39.10000000 2.12200012 13.08399963 2.16399994 13.90000000 2.68199997
41.75000000 2.29799995 15.00000000 3.49000015 14.48399963 3.16800003
39.30000000 4.15200005 13.36600037 1.61000004 13.83399963 2.78199997
38.20000000 5.23199997 13.06600037 1.60799999 16.85000000 4.60000000
36.75000000 5.15800018 16.13200073 2.92000008 15.00000000 3.36800003
40.05000000 3.86400032 14.48399963 2.98400002 17.20000000 3.75000000
36.70000000 3.75999985 13.86600037 3.30400009 15.88399963 2.40199986
38.30000000 5.91199951 14.21600037 3.45600014 12.30000000 3.33799973
38.20000000 3.31800003 13.60000000 3.51399994 16.85000000 3.35200005
42.65000000 2.07199993 15.00000000 2.99599991 15.80000000 2.69599991
40.50000000 2.38600006 9.40000000 2.61799984 16.70000000 2.16399994
34.43399963 5.32599983 15.85000000 1.94200001 14.85000000 3.97000008
36.85000000 4.34799995 15.70000000 2.97600002 15.70000000 2.56199989
36.60000000 3.07800007 14.90000000 2.85799980 12.85000000 3.51800003
37.53399963 2.09599991 11.93399963 4.05400009 16.41799927 4.66400032
38.02999878 2.21999989 15.40599976 2.51000023 18.55000000 3.70800018
36.75000000 4.72600021 18.83399963 2.30799999 16.66600037 3.65400009
37.40000000 3.30200005 15.66600037 3.04200020 12.81600037 4.02599983
34.98399963 5.05999985 15.07400055 2.37399998 16.80000000 3.53199997
32.01600037 4.09000015 14.66600037 2.11599998 18.01600037 2.94599991
36.85000000 3.33600006 15.25000000 2.54200001 17.85000000 2.57999992
33.75000000 2.83000011 16.50000000 3.37999992 17.28399963 4.57199974
32.23200073 3.27399979 16.86799927 4.02399979 18.96600037 2.66599998
36.17600098 4.53400040 15.53999939 4.20999985 17.20000000 2.03199997
32.10000000 5.01599998 16.01600037 3.02200012 17.96600037 3.93000031
34.85000000 5.11399994 14.30000000 3.16999969 18.40000000 3.84400024
34.91799927 2.92199993 14.50000000 3.11600018 14.66600037 3.40400009
32.80000000 6.30200005 15.15000000 4.06799965 15.15000000 4.89400024
33.56600037 3.31599998 14.43399963 2.57199993 17.78200073 3.15999985
32.93399963 3.29199982 15.11600037 3.67399979 13.60000000 4.70599976
34.60000000 5.22399979 15.42600098 4.42800026 16.00000000 3.29799995
33.58399963 5.34799995 14.40000000 3.26599998 16.00000000 1.93400002
36.48200073 3.77999992 15.26999969 4.18199997 16.90000000 2.79399986
34.98399963 5.12799988 12.25000000 3.15000019 18.45000000 3.25400009
36.00000000 3.72799988 16.63200073 3.16199989 16.71600037 1.82200012
34.68200073 2.89599991 18.71600037 1.69599991 14.03399963 2.81800003
31.85000000 6.52200012 14.81600037 2.92399998 17.30000000 4.13000031
30.50000000 3.22200012 13.61600037 2.29999981 13.91600037 2.96399994
31.96600037 5.67200012 15.20000000 2.73199997 17.90000000 3.28199997
34.60000000 3.35000000 19.50000000 2.70599995 16.76600037 2.88999977
34.25000000 4.72399979 17.15000000 3.20200005 18.26600037 3.27399979
34.36600037 4.86200027 17.50000000 2.10599995 17.00000000 3.60400009
33.85000000 7.68799973 13.45000000 4.05400009 17.93399963 2.11599979
34.35000000 3.33800011 16.03399963 2.57599983 16.60000000 3.79399986
36.30000000 4.98600044 16.63399963 3.04400005 16.75000000 3.01000004
35.80000000 4.76800003 18.33399963 1.20400000 15.31799927 2.18399982
36.40000000 2.77600002 14.38399963 2.98599987 16.94199982 3.20800018
35.95000000 5.36199989 14.85000000 3.69000015 16.65000000 3.54199982
35.00000000 3.36599998 14.20000000 3.05599995 17.98399963 1.52600002
39.45000000 2.68799992 13.89400024 2.62399998 16.19600067 2.91800003
34.70000000 4.30000000 17.08200073 2.35200005 17.93200073 3.17199993
36.70000000 5.70800018 14.41600037 2.07800007 17.35000000 3.05800018
36.78399963 4.90200005 14.55000000 3.00000000 15.05000000 3.46599998
37.90000000 4.29799995 13.31600037 4.05800018 14.43399963 2.70400009
33.85000000 4.13799973 15.05000000 2.92400017 14.46600037 3.90400009
33.95000000 3.94599991 15.06600037 2.98800011 18.56600037 3.29399986
37.31600037 4.22599983 16.41600037 2.89800014 18.95000000 1.78600006
35.00000000 3.61399994 13.20000000 3.45600014 12.90000000 4.37599983
33.75000000 5.82999992 15.01799927 2.48400002 17.08399963 2.41999989
34.62999878 3.10000000 18.75000000 3.25000000 16.86399994 2.23800011
37.41799927 2.37000008 15.45000000 2.31400013 14.66600037 3.24000015
33.15000000 3.54799995 15.13399963 4.02200012 13.65000000 3.35000000
34.55000000 6.22800026 11.95000000 2.11800003 16.88200073 2.12199993
34.26600037 2.88400002 15.35000000 2.43199978 13.71600037 3.48400002
36.80000000 4.08400002 16.96600037 2.10799999 18.20000000 2.53400002
33.75000000 5.33000031 16.20000000 2.28399982 14.18399963 3.41000023
35.45000000 4.21000023 15.25000000 3.24799995 17.93399963 2.63400002
38.73399963 3.73999977 15.56799927 3.12399998 15.11799927 3.61200027
37.01600037 3.69799995 14.95000000 2.68600006 18.10000000 4.01200027
33.22999878 8.08600006 15.31799927 2.93800011 16.10000000 3.67200012
37.33399963 2.56999989 14.86600037 2.93400002 14.18399963 2.95399990
31.61600037 6.56800003 14.11600037 2.22000008 14.00000000 3.39599991
35.75000000 4.05200005 12.80000000 3.21199989 12.80000000 3.95399971
33.85000000 3.84399986 14.45000000 3.32000008 16.75000000 3.04599991
36.35000000 5.15400009 16.33399963 2.90600014 16.25000000 3.93600006
36.17399902 2.60799999 14.61200104 2.68200016 17.13200073 2.75999985
36.40000000 3.75800018 15.25000000 4.16800003 16.85000000 3.20000000
36.00000000 1.95400009 17.36799927 3.59399986 15.43399963 2.64600010
34.30000000 5.94000015 15.55000000 2.68400002 18.31600037 2.18199997
35.90000000 3.30999985 16.80000000 3.90200005 18.00000000 3.52999992
37.85000000 4.30599976 15.95000000 3.16200008 13.68399963 3.30400009
36.20000000 2.68400002 13.61600037 3.03999996 14.70000000 3.03199997
36.81600037 3.09399986 16.36600037 3.11800003 15.75000000 3.73199997
34.40000000 4.25399971 14.21600037 1.87599983 15.28399963 3.18800011
34.95000000 3.53600006 16.01600037 3.74200020 14.90199890 3.99199982
32.93399963 2.56000004 14.50000000 3.07000008 16.13399963 2.96399994
33.75000000 5.59399986 14.95000000 4.11599998 17.16600037 3.26200027
35.35000000 2.32799988 18.13200073 2.73199978 15.51799927 3.75600014
37.45000000 5.52799988 19.40000000 2.94799995 15.65000000 2.26599998
34.25000000 3.43600006 15.15000000 3.85599976 14.60000000 3.76399994
36.95000000 3.65000000 15.58399963 4.53600006 17.75000000 3.21600037
37.45000000 3.79399986 16.36000061 3.08800011 18.22799988 3.82799988
37.90000000 4.76599998 17.78399963 2.48799992 17.10000000 3.85800018
35.05000000 4.61400032 18.53399963 2.52000008 16.73200073 2.93000011
33.84200134 3.95400009 13.80000000 1.92399998 17.11000061 2.57600002
31.85000000 7.28399963 14.81600037 2.89000015 13.83399963 2.20799999
33.25000000 4.88600006 14.05000000 3.11999989 13.35000000 3.27799988
38.60000000 3.78800011 14.65000000 3.07000008 14.05000000 2.85799999
32.80000000 4.28199997 17.20000000 2.07600002 12.55000000 4.20999985
34.75000000 6.92600021 15.20399933 2.41999989 18.08999939 2.66599998
33.36600037 4.07000008 15.56600037 2.52200012 18.10000000 2.05999985
36.01600037 5.49800034 14.76600037 3.27800026 16.65000000 3.71200027
34.20000000 4.57599983 15.88399963 4.08600006 15.40000000 4.01399994
35.20000000 3.92000008 13.35200043 3.18400002 17.20000000 3.03400002
34.66600037 6.18599968 13.03399963 3.36599998 13.65000000 5.14999962
37.65000000 2.59600010 15.68399963 2.36200008 16.35399933 3.80599976
36.36799927 3.26800003 16.33200073 2.38399982 17.93399963 2.63600006
35.80000000 4.96399994 14.65000000 3.83400002 15.68399963 3.76199989
34.61600037 5.23199997 14.00000000 3.48199997 13.15000000 4.11599998
34.68999939 2.60999985 16.69600067 2.37000008 16.30000000 4.53199997
35.15000000 5.28800011 14.01600037 4.30999985 15.36600037 3.74399986
36.76600037 3.44000015 14.17599945 3.63799973 18.24599915 2.90000000
36.30000000 5.07000008 17.60000000 3.76800003 16.63399963 4.08999977
35.78399963 3.89400024 17.76600037 4.24400024 15.95000000 3.57599983
35.35000000 3.81399994 18.43399963 3.18000011 15.80000000 3.81600037
36.41600037 3.18199997 15.70000000 3.63800011 16.16600037 4.83600006
32.61600037 4.51199989 13.70000000 2.94400005 15.35000000 3.80000000
35.48399963 5.47799988 15.16799927 2.46200008 14.00000000 2.33199997
34.10000000 4.22599983 13.20000000 4.40999985 14.75000000 3.93600006
35.56600037 3.59799995 14.83399963 4.31399994 17.85000000 2.88400002
35.75000000 3.88600006 15.64800110 2.20600014 14.23399963 2.87999992
33.60000000 4.15200005 15.41600037 4.95000000 16.00000000 4.20600014
35.11600037 5.43199997 17.31799927 4.02600021 15.19800110 4.42000008
34.76600037 4.52799988 14.90000000 3.89799995 18.86600037 1.59999990
34.71600037 4.95000000 13.80000000 3.85000000 16.78399963 2.63800011
34.95000000 4.30800018 15.08399963 2.77999992 14.28399963 2.26199989
37.38399963 4.99000015 16.21600037 3.62600021 18.96600037 2.58800011
34.05000000 5.34000015 15.66600037 2.64599991 15.78399963 4.19599991
30.50000000 4.80799980 13.28399963 4.39799995 16.00000000 4.39399986
36.55000000 3.16999989 14.58399963 2.29799995 16.38399963 3.06599998
35.78399963 2.72000008 14.86600037 3.09199982 18.65000000 3.54799995
31.95000000 4.22399979 15.80000000 3.11800003 17.80000000 2.83400002
32.90000000 5.18400002 16.05000000 3.52000008 19.30000000 2.99200001
37.70000000 3.04199982 17.15000000 3.74399986 16.65000000 3.57599983
37.36600037 4.63000031 13.23399963 3.00000000 18.45000000 1.94200001
37.66799927 4.54199982 14.78399963 2.98799992 19.18399963 2.88400002
36.10000000 2.35000000 14.30000000 4.81000023 15.70000000 3.93600006
36.58399963 3.72999992 16.20000000 3.69000015 17.61600037 2.47399998
36.80000000 3.38999977 14.00000000 2.43999996 16.18399963 3.85000000
36.43399963 2.65200005 12.88399963 2.98600006 16.93399963 2.41000004
37.73399963 2.39200001 14.16799927 3.81399994 15.81600037 4.11000023
33.70000000 5.03599968 15.50000000 2.75599995 15.11600037 2.80000000
31.46600037 4.60599976 16.11799927 3.65799980 15.08200073 3.33800011
31.91799927 6.15800018 14.12799988 3.54399986 14.65800018 3.25400009
35.25000000 5.15000000 14.78399963 3.28400002 12.65000000 3.04399986
40.80000000 2.97800007 15.96600037 3.04599991 16.93399963 2.52000008
35.60000000 4.68600006 14.83399963 2.91199989 18.75000000 2.30799999
35.15000000 4.22600021 14.78399963 2.84799995 18.16799927 3.02600002
34.20000000 4.40200005 17.10000000 2.81399994 15.80000000 4.00800018
36.77399902 3.03999996 13.18200073 4.20000000 15.56000061 3.09599991
35.06799927 3.27000008 14.95000000 2.74599991 15.83399963 4.29599991
33.20000000 4.94400024 14.55000000 4.18400002 14.76600037 2.61799984
34.50000000 4.38199997 14.40000000 3.69799995 16.35000000 2.05799999
33.26600037 3.50400009 14.50000000 3.03400002 15.83200073 2.16599998
36.96600037 2.98599987 14.85000000 3.27599983 17.18399963 3.76599998
33.95000000 5.23399963 17.25000000 3.51199989 16.56600037 3.51400032
33.20000000 5.66199989 17.95000000 3.23199997 16.78399963 2.71599998
36.96600037 3.68800011 16.76600037 2.11199989 15.40000000 3.64599991
32.80000000 3.52000008 14.21600037 3.25000000 16.90000000 3.58199997
33.46600037 4.96000023 15.60000000 4.56200027 16.46600037 2.92399998
35.65000000 4.24400024 14.20000000 3.64000015 20.76600037 2.48400002
32.90000000 4.48600006 13.66799927 3.47200012 18.11600037 3.40999985
34.95000000 5.46600037 15.55000000 2.37600002 17.70000000 2.00600014
33.05000000 4.33600006 14.95000000 3.63400002 14.38399963 4.69599991
33.26600037 3.77000008 11.93399963 2.47200012 15.03399963 2.12999992
37.53399963 4.59599991 15.51600037 3.01399994 15.50000000 2.66599998
34.90000000 5.10200005 12.13399963 3.38600006 14.81799927 2.63600006
32.16600037 5.06399956 15.28399963 3.08400002 14.18200073 4.34200020
35.40000000 5.26800003 16.48399963 3.55200005 15.10000000 2.75399990
33.73399963 4.99800034 13.65000000 2.82600002 17.05000000 3.14400005
36.76799927 4.70200005 16.85000000 2.97399979 15.30000000 4.20200005
36.75000000 4.31200027 16.35000000 3.08599987 16.45000000 4.34000015
31.90000000 3.26199989 16.73200073 3.50000000 19.05000000 1.70599995
34.11799927 3.05599995 15.01799927 4.10400009 15.21799927 3.28199997
34.50000000 3.25400009 14.03399963 3.59799995 17.58399963 3.04200001
34.30000000 4.54399986 15.93399963 2.18199997 14.85000000 4.98400002
37.05000000 5.21599998 16.85000000 3.71400032 13.85000000 3.07000008
34.71799927 5.16399994 17.90000000 3.17599983 16.56600037 3.12000008
36.45000000 6.06599998 14.45000000 4.11800003 20.35000000 2.02000008
33.60000000 4.78000031 16.98399963 1.98800011 16.16600037 2.74999981
36.40000000 2.95200005 16.65000000 2.82800007 13.21600037 4.00200005
36.35000000 2.34799995 15.30000000 3.68999977 19.15000000 2.62199993
34.75000000 3.20200005 14.51600037 2.86199989 15.73200073 3.39200020
32.10000000 2.40599995 16.01600037 2.13199997 15.83399963 3.36599998
34.50000000 4.31400032 15.10000000 2.29399986 14.50000000 3.75399971
33.85000000 5.33199997 13.26799927 3.43199997 15.17599945 1.71200008
35.66600037 3.70600014 13.16000061 2.39599991 16.58399963 3.06399994
37.85000000 3.82600021 15.03399963 3.35599976 17.40000000 2.71599998
34.55000000 3.25800018 13.63399963 4.70799980 16.35000000 4.37799988
34.45000000 4.26200027 15.50000000 3.06800003 15.31600037 2.38599987
37.55000000 3.48000031 15.53399963 3.30800018 18.05000000 3.71399994
34.60000000 5.40800018 15.65000000 2.67400017 13.76600037 4.88800011
36.00000000 3.55400009 14.23399963 3.74799995 10.90000000 3.34800034
36.00000000 4.34400024 13.92200012 3.91800003 13.78200073 2.57999992
33.20000000 3.68800011 16.52599945 2.35000000 16.43000031 2.17200012
33.86799927 3.13400002 14.23399963 3.33799973 18.90000000 3.59600029
32.15000000 4.93600006 14.61600037 2.32199993 17.65000000 3.91399994
36.03399963 4.55400009 15.95000000 2.20999985 17.66600037 4.57000008
38.08399963 3.96199989 18.83399963 2.52600002 17.51600037 3.11800003
33.90000000 5.33399963 15.51600037 3.04000015 17.30000000 3.10200005
35.05000000 5.31199989 14.50000000 4.06599998 17.90000000 3.37000008
36.00000000 4.07400017 14.81600037 2.82199993 16.00000000 5.29599991
32.83399963 4.15000000 15.61600037 3.38800011 16.46600037 3.89199982
35.91000061 4.25200005 15.00000000 3.45000038 16.05000000 3.50799980
33.75000000 4.18400002 16.00000000 1.91800003 15.10000000 3.48400002
31.65000000 5.04199982 15.15000000 3.33199997 16.26600037 3.27600021
35.03399963 2.89199982 14.11600037 2.26399994 16.18399963 3.01800003
34.45000000 5.29399986 15.73399963 2.69600010 15.18399963 3.53800011
36.10000000 3.33799973 12.98399963 4.17200012 16.05000000 2.82800007
36.85000000 3.83400002 15.10000000 3.72200012 14.85000000 4.75800018
33.68399963 4.49199982 13.36600037 3.57999992 13.50000000 3.13400002
34.40000000 4.46199989 16.98399963 3.81399994 17.30000000 4.31000023
34.06600037 5.10800018 16.00000000 2.75199986 15.68399963 3.29200020
32.13399963 5.33199997 15.75000000 2.35600014 14.33399963 4.30200005
32.45000000 4.70999985 16.70000000 3.10200005 16.80000000 4.34800034
33.20000000 4.53800011 17.08399963 3.21999969 19.23399963 2.74799995
34.84600220 4.72200012 12.85000000 3.37799988 18.66999969 2.53799992
33.40000000 3.44799995 17.28399963 3.05799999 18.85000000 2.29200001
35.63200073 4.39400024 15.93200073 4.57399979 18.01399994 4.35000000
33.31600037 4.35599976 18.06600037 2.57199993 16.33399963 4.57999954
33.18999939 5.53799973 17.00000000 2.68800011 15.06999969 2.74599991
33.85000000 4.17199974 17.38399963 4.00599976 16.21600037 3.22799988
32.83399963 4.37999992 14.31600037 3.25200005 15.20000000 3.85400009
35.45000000 5.19800034 14.15000000 4.17399979 14.66600037 3.87400017
32.65000000 3.73999977 13.65000000 2.69200001 14.35000000 2.83000011
39.88399963 1.63400002 13.85000000 1.56599998 17.83200073 2.23999996
46.53399963 0.49400001 13.00000000 0.44400001 19.18399963 0.62200003
46.53399963 0.49400001 11.65000000 0.08600000 19.83200073 0.60799999
46.40000000 0.51399999 11.45000000 0.18600000 20.42400055 0.53000002
46.35000000 0.38600001 12.50000000 0.33199999 17.96600037 0.74600000
46.43399963 0.62599998 13.71600037 0.50000000 15.15000000 1.28599987
46.52999878 0.44800000 14.50000000 0.68800001 17.66399994 1.01199999
46.56600037 0.46599998 14.35000000 0.92600002 18.60000000 1.08999996
47.10000000 0.31399999 11.41800003 0.80000000 12.50000000 2.23600006
46.65000000 0.38600001 14.56999969 0.88599997 19.80399933 0.98999996
45.78399963 0.28000000 13.10000000 1.80799999 15.76600037 1.54400005
46.75000000 0.38600001 15.30000000 1.51000004 17.20000000 1.84400005
46.20000000 0.60000000 11.53399963 2.38600006 17.20000000 1.22000008
46.20000000 0.40000000 8.90000000 1.27800007 16.66600037 1.06999998
46.00000000 0.66999998 14.80000000 1.05200005 19.61600037 0.69800000
45.85000000 0.43800001 11.75000000 1.59599991 16.55000000 0.63200002
45.65000000 0.43800001 8.08399963 1.08400002 16.85000000 1.24799995
45.06600037 0.09400000 12.33800049 0.59800000 18.41600037 0.54400001
45.80000000 0.57399998 10.90000000 1.11399994 18.80000000 0.84799995
46.23399963 0.58800001 10.06600037 0.54000001 19.43399963 0.84200001
45.65000000 0.46800003 7.20000000 1.75000000 19.60000000 0.81400003
45.75000000 0.36599998 10.40000000 0.63800001 17.25000000 0.67199998
45.90000000 0.17200000 12.06600037 0.83599997 18.71600037 0.81999998
46.08399963 0.28000002 11.28399963 1.20799999 18.25000000 1.08400002
46.40000000 0.51399999 10.76600037 2.22399998 16.65000000 0.75400000
46.40000000 0.47200003 4.73400002 0.88199997 15.88399963 0.71799998
45.36600037 0.19400001 6.76600037 1.58400002 17.23399963 1.09600000
46.10000000 0.39400001 11.10000000 0.91400003 15.75000000 1.66999989
46.93399963 0.49400001 11.88399963 0.88600006 15.38399963 1.34400005
46.27399902 0.53200002 10.09599991 1.09200001 17.90000000 1.31199999
47.25000000 0.45799999 13.63399963 1.14999990 15.63399963 1.11199999
46.16600037 0.51799998 11.51600037 1.04600000 18.18399963 1.02799997
47.45000000 0.48600001 11.95000000 1.56399994 14.70000000 1.08600006
47.05000000 0.45799999 11.65000000 1.41799994 18.25000000 0.95400000
47.05000000 0.28600001 13.35000000 0.86800003 15.63399963 1.19399996
46.55000000 0.28600001 10.15000000 0.78400002 18.10000000 0.94200001
47.35000000 0.27400000 11.28200073 1.48599997 19.91600037 0.61199999
46.51600037 0.48000002 11.00000000 0.55599999 17.83399963 0.26600001
46.98399963 0.38000002 10.41799927 0.27400000 18.28399963 0.65400000
46.86600037 0.29400001 10.75000000 1.09200001 17.15000000 0.86999998
46.70000000 0.50400000 12.83399963 1.43800001 15.35000000 0.95600004
45.88200073 0.51599998 8.78399963 1.10400000 16.66600037 0.74600000
45.16600037 0.36599998 12.83399963 0.73600001 16.50000000 0.93599997
43.98399963 0.61199999 10.46600037 0.51199999 16.48200073 0.87399998
45.05000000 0.08600000 9.18200073 0.65199995 17.25000000 0.66999998
45.15000000 0.08600000 9.91800003 1.11999998 18.30000000 0.90200005
45.98399963 0.49400001 7.84000015 1.05599995 19.41399994 0.83000002
43.80000000 0.68800001 8.25000000 2.23799992 15.13200073 2.05200005
42.65000000 0.49000001 8.55000000 1.52200003 13.70000000 2.17399998
45.03399963 1.03999996 6.16800003 1.46999998 8.31600037 1.15000000
47.15599976 0.35999999 8.30000000 0.50400000 8.30000000 1.18999996
45.40000000 0.41399999 7.63399963 0.91399994 7.20000000 1.12200003
45.10599976 0.17400000 5.53199997 1.31399994 10.34199982 0.77800002
45.31600037 0.38000000 5.40000000 1.16000004 1.96599998 0.90400000
45.33399963 0.36600001 4.56599998 1.33999996 0.40000000 0.00000000
45.15000000 0.25799999 5.70200005 0.91599998 0.00000000 0.00000000
45.15000000 0.25799999 6.86600037 0.23599999 0.20000000 0.00000000
45.55000000 0.47400002 2.85000000 0.81999998 5.03400002 1.26000004
45.40000000 0.45200000 1.26599998 0.45000000 9.31600037 1.40600004
40.68399963 1.28199997 13.86600037 2.74400005 12.73200073 1.96399994
37.21600037 1.43799992 13.96799927 1.84599991 13.40000000 1.85200005
39.80000000 0.59400001 12.10000000 0.17200000 11.95000000 0.80600004
39.82999878 0.74600000 14.58399963 0.58800001 11.69000015 0.76399999
40.85000000 0.82999992 14.48399963 0.61199999 11.90000000 0.34600000
41.50000000 0.50000000 15.00000000 0.00000000 10.90000000 0.71600003
41.45000000 0.56599998 14.85000000 0.18600000 11.95000000 0.66599998
41.90000000 0.10000000 14.95000000 0.08600000 10.20000000 0.85000000
42.00000000 0.00000000 15.00000000 0.00000000 9.56600037 0.40799999
42.00000000 0.00000000 13.80000000 0.41399999 8.58399963 0.76999998
42.00000000 0.00000000 13.13399963 0.59800000 7.48399963 1.03400002
42.00000000 0.00000000 12.55000000 0.57000003 8.36600037 0.78000002
42.00000000 0.18800000 13.75000000 0.27400000 5.51599998 0.64200001
42.00000000 0.00000000 14.93399963 0.23599999 8.55000000 0.53400002
43.88399963 0.52399998 13.83399963 0.43000002 10.68399963 1.15400000
42.50000000 0.50000000 13.46600037 0.57600002 9.93399963 0.72199998
42.71799927 0.61799998 12.90000000 0.61599998 8.00000000 1.03199997
42.50000000 0.55200000 12.50000000 0.17200000 11.00000000 0.59200001
42.15000000 0.18600000 12.00000000 0.00000000 11.31600037 0.64400001
42.11600037 0.18000000 11.98399963 0.18000000 9.40000000 0.52400002
42.25000000 0.35799999 13.50000000 0.60400000 7.50000000 0.68600006
42.30000000 0.36000001 13.50000000 0.70999999 6.85000000 0.98799992
42.10000000 0.17200000 13.85000000 0.66600003 7.95000000 0.71399999
42.38399963 0.38000002 13.95000000 0.35000000 5.41599998 1.22799997
42.20000000 0.27200000 14.16600037 0.44600000 6.60000000 0.95799999
42.35000000 0.45800004 14.90000000 0.10000000 5.63199997 1.13400002
42.25000000 0.28600001 13.70000000 0.56199999 7.13399963 0.96800003
39.56600037 0.85000000 10.20000000 0.85000000 6.80000000 1.59600000
38.60000000 0.40400000 12.90000000 2.14800014 8.53399963 1.00799999
38.68399963 0.69800000 16.18200073 1.17399998 15.41600037 1.61399994
41.50000000 0.31399999 14.60000000 0.69000001 14.30000000 0.74000001
42.15000000 0.28600001 15.55000000 0.60200005 14.30000000 0.83599997
42.73399963 0.54600000 15.26600037 0.36600001 15.26600037 0.45799999
43.01799927 0.67400002 15.61600037 0.45400000 15.43399963 0.75799994
42.88399963 0.55999999 15.21600037 0.35400000 15.43200073 0.55400000
43.33200073 0.61999998 14.81600037 0.45400000 15.70000000 0.54600000
43.60000000 0.55200000 14.65000000 0.35000000 16.21600037 0.78600001
44.14600220 0.66999998 14.80000000 0.17200000 16.53399963 0.58800001
43.58399963 0.55999999 14.95000000 0.08600000 15.70000000 0.73800001
39.65000000 0.83199997 11.35000000 1.10000000 13.95000000 0.92599993
40.66600037 0.53000002 11.85000000 0.59000001 14.43399963 0.92799988
44.73399963 0.29400001 15.26600037 0.36599998 16.83399963 0.85599995
43.20000000 0.52400002 15.48399963 0.53000002 17.53600006 0.62600002
43.31600037 0.61199999 15.55000000 0.26599998 17.90000000 0.43000002
43.16600037 0.62599998 16.55000000 0.48000002 17.45000000 0.41799998
43.53399963 0.49400001 16.96600037 0.60800004 17.95000000 0.28600001
42.75000000 0.40799999 16.80000000 0.47800002 16.51600037 0.74800000
42.66600037 0.29400001 16.20000000 0.49400001 14.50000000 0.73999996
42.80000000 0.54200001 15.70000000 0.37200003 15.25000000 0.39000001
43.40000000 0.75599999 14.03200073 0.81999998 15.16799927 0.93600006
42.71600037 0.54800000 13.70000000 0.67999997 16.51600037 0.81000004
42.10000000 0.17200000 13.95000000 0.40799999 13.20000000 1.01999998
42.40000000 0.40000000 15.25000000 0.16600000 12.20000000 0.43199997
42.56600037 0.55799999 16.95000000 0.43000002 14.00000000 1.11599998
42.30000000 0.37200000 15.25000000 0.79400005 13.00000000 1.14600010
42.65000000 0.66599998 14.35000000 0.88400002 14.50000000 1.22800007
42.73399963 0.57800002 11.85000000 0.63200002 14.48399963 0.89400005
43.15000000 0.62999997 14.60000000 0.38200002 11.71600037 0.82600002
43.05000000 0.68199997 13.20000000 0.84600000 11.41600037 1.01599998
43.23399963 0.65200000 13.15000000 0.53199997 12.35000000 0.51800003
43.25000000 0.70799999 14.05000000 0.38600001 12.15000000 0.83600006
43.43399963 0.62599998 15.05000000 0.08600000 12.60000000 0.71399999
43.45000000 0.55000000 14.50000000 0.54600000 9.25000000 1.12600002
42.30000000 0.72399998 12.33200073 0.52800002 12.38399963 1.09799995
39.06600037 0.81400003 9.13399963 0.69000001 14.95000000 0.83000002
36.15000000 0.18600000 6.44799957 0.97199993 14.25000000 0.88599997
38.75000000 0.75999999 8.13399963 0.63600001 14.31600037 1.11000004
42.06600037 0.09400000 13.98399963 0.56199999 10.20000000 1.04600000
42.61600037 0.55999999 13.20000000 1.11800003 9.80000000 1.96799984
43.11600037 0.52200003 15.68399963 0.56000004 14.95000000 0.73199997
43.15000000 0.61799998 15.00000000 0.35200000 13.65000000 1.10000000
43.95000000 0.56599998 14.05000000 0.25999999 14.50000000 0.79600000
44.60000000 0.38800001 11.50000000 0.30400000 12.91600037 0.96400003
44.85000000 0.25799999 13.28399963 0.55400000 14.25000000 0.69000001
44.50000000 0.48800001 14.38399963 1.41199999 11.33399963 2.78799992
44.75000000 0.28600001 12.30000000 0.69200001 14.05000000 0.94200001
44.60000000 0.40000000 11.86799927 1.65000000 13.70000000 1.11199999
44.25000000 0.51599998 13.55000000 1.07799997 12.53399963 1.52199993
44.35000000 0.48600001 12.91600037 0.43200002 13.78399963 1.06199999
44.53399963 0.49400001 13.55000000 0.42799997 13.71600037 0.78000002
44.78399963 0.35200000 12.96600037 0.44600000 12.90000000 0.98599997
44.65000000 0.38600001 12.51600037 0.45400000 13.80000000 0.72399998
44.95000000 0.08600000 13.20599976 0.92599993 11.35000000 1.53199997
44.40000000 0.54200001 6.88399963 2.23199997 12.90000000 1.61200008
44.80000000 0.27200000 9.41600037 0.76999998 16.60000000 0.91000004
44.58399963 0.48000002 5.38400002 1.09600000 11.10000000 0.88199997
44.28999939 0.52400002 4.85000000 1.24199991 13.25599976 0.80000000
44.46600037 0.49400001 6.45000000 1.05799999 10.55000000 0.94600000
44.35000000 0.61799998 10.15000000 0.83800001 6.13400002 0.78600001
44.53399963 0.49400001 11.43399963 0.28800001 7.95000000 0.73600001
44.71600037 0.35200000 16.33399963 1.49199991 8.40000000 1.28199997
45.00000000 0.00000000 17.45000000 1.15600004 3.51599998 0.46399999
44.75000000 0.28600001 9.44000015 1.20399990 12.25999985 1.13400002
44.60000000 0.46000004 9.26600037 0.29400001 13.18200073 0.95600004
43.88399963 0.65999999 14.25000000 1.52600002 13.08399963 2.10399990
43.61000061 0.50400000 9.23399963 2.94000015 14.03600006 1.84000015
43.66600037 0.44600000 7.80000000 1.29599991 12.85000000 1.43400002
44.05000000 0.62999997 10.55000000 1.17799997 15.78399963 1.17000008
43.38399963 0.73399997 10.13399963 0.61799998 12.10000000 1.79400005
39.15000000 0.98400002 12.08399963 0.72200003 17.50000000 0.69600000
37.60000000 0.84200001 15.73399963 0.66400003 14.70000000 1.09400005
37.35000000 0.96599998 17.98399963 0.18000000 13.90000000 0.82200003
38.00000000 1.00000000 17.70000000 0.37200000 14.75000000 0.73600001
40.51600037 0.45999999 16.46600037 0.63600001 15.53200073 0.68200002
44.90000000 0.51400003 12.50000000 0.40400000 20.05000000 0.48200002
45.35000000 0.60200005 12.00000000 0.44600000 18.90000000 0.35200000
40.90000000 1.04200001 13.55000000 0.42800002 16.01600037 0.81800003
40.30200195 0.70799999 15.26399994 0.76800003 16.83399963 0.73200002
40.71600037 0.55999999 13.20000000 0.76000004 16.80000000 0.93400002
42.35000000 0.51799998 14.40000000 0.27200000 15.25000000 1.01200008
42.95000000 0.59600000 12.00000000 0.50999999 18.05000000 0.18600000
42.70000000 0.27200000 8.33399963 0.60999999 17.78399963 0.28000000
44.03999939 0.59800000 11.05000000 0.25799999 17.85000000 0.25999999
44.21600037 0.53200002 13.80000000 0.34600000 16.35000000 0.96599998
44.45799866 0.45400000 15.00000000 0.17200000 16.14800110 0.58800001
44.70000000 0.28800001 14.75000000 0.08600000 14.45000000 0.73600001
44.95000000 0.08600000 13.15000000 0.75000000 16.05000000 0.95999994
44.75000000 0.21800001 13.78399963 0.62600002 15.26799927 0.89200001
41.83599854 0.64200001 15.80000000 0.41400003 15.21799927 1.03000002
44.03399963 0.44600000 15.95000000 0.99600000 14.85000000 1.00599995
43.60000000 0.32400000 9.98399963 0.96799994 13.90199890 0.47600002
42.31600037 0.45200000 11.53399963 0.48200002 18.30000000 0.57799997
43.40000000 0.41399999 11.50000000 0.49400001 16.68399963 0.95400000
44.03399963 0.50799999 12.90000000 0.77000003 17.06600037 0.85599995
44.21600037 0.53200002 13.38399963 0.75200005 16.75000000 0.83600006
44.43399963 0.53600001 14.20000000 0.51999998 17.28200073 0.64200001
43.66600037 0.45799999 11.85000000 0.18600000 17.61799927 0.62199998
44.35000000 0.38600001 12.00000000 0.00000000 15.50000000 0.66199999
44.46600037 0.49400001 11.43399963 0.19400001 14.18399963 0.85599995
44.53200073 0.38800001 9.58200073 0.64200001 14.86600037 0.88199997
44.65000000 0.38600001 9.40000000 0.86999998 15.55000000 1.16199999
44.63399963 0.44600000 9.05000000 1.74200001 13.20000000 0.78200002
44.76600037 0.26599998 6.80000000 0.83999996 14.85000000 1.14200001
44.50000000 0.50000000 5.73199997 2.08999996 15.45000000 0.73000002
44.58399963 0.48000002 7.81600037 1.42200012 16.00000000 0.86599998
45.00000000 0.00000000 8.65000000 0.66599998 13.10000000 0.80400000
44.70000000 0.37200000 3.80000000 1.08400002 14.20000000 0.65200000
44.83399963 0.26600001 8.75000000 0.65599999 15.08399963 0.79399996
41.80000000 0.78000002 13.63399963 1.65799999 14.60000000 1.73199997
41.68399963 0.52600002 13.78399963 0.70000000 18.50000000 0.72000003
40.20000000 1.03999996 16.35000000 1.07799997 14.15000000 2.24599991
43.55000000 0.60200000 12.91600037 0.42199998 14.16799927 0.81399994
44.75000000 0.47600002 13.26600037 0.36800001 17.35000000 0.87000008
45.00000000 0.00000000 14.60000000 0.27200000 17.85000000 0.35799999
44.45000000 0.40200000 15.68399963 0.43200002 12.96600037 1.20399990
45.15000000 0.37400000 15.95000000 0.40000000 15.03399963 0.65000000
45.30000000 0.37200000 15.45000000 0.35000000 18.35000000 0.35799999
45.20000000 0.34400001 15.30000000 0.58400002 15.65000000 0.86399994
45.10000000 0.17200000 15.56600037 0.62000003 15.28399963 0.76000004
45.33200073 0.38800001 15.30000000 0.42400002 16.58399963 0.51199999
45.45000000 0.48600001 15.95000000 0.35799999 15.20000000 0.47600002
45.31600037 0.38000002 15.41600037 0.28000002 17.08399963 0.51599998
45.15000000 0.18600000 16.15000000 0.38600001 18.45000000 0.80200005
45.41600037 0.46800003 14.41600037 0.58800001 18.61600037 0.65400000
45.25000000 0.35799999 14.70000000 0.34400001 17.45000000 0.91599998
45.15000000 0.18600000 17.15000000 0.66800003 20.30000000 0.72599998
45.40000000 0.47200003 14.95000000 0.77800002 20.40000000 0.54600000
45.93399963 0.36600001 15.35000000 0.37400002 19.00000000 0.33600001
46.15000000 0.43800001 15.30000000 0.31399999 18.95000000 0.50200000
45.90000000 0.69400001 15.31600037 0.35200000 18.30000000 0.37200003
45.90000000 0.45200000 15.15000000 0.18600000 18.36600037 0.46600003
46.20000000 0.68399997 15.00000000 0.17200000 18.21600037 0.42199998
46.36600037 0.46599998 15.80000000 0.54600000 18.51600037 0.47399998
44.21600037 0.53200002 14.70000000 1.27399998 14.00000000 1.70799999
39.61600037 0.60400000 17.31600037 0.71999998 7.51800003 1.34999990
41.35000000 0.52200003 12.26600037 0.80799999 11.73399963 0.83800001
43.40000000 0.34200001 14.35000000 0.08600000 15.38399963 1.00799990
44.50000000 0.48800001 15.05000000 0.08600000 18.21600037 0.35400000
45.00000000 0.00000000 15.46600037 0.33000000 18.05000000 0.18600000
45.00000000 0.00000000 15.48000031 0.29800000 17.10000000 0.66799998
44.05000000 0.43000002 15.01600037 0.67599998 13.80000000 0.73000002
43.35000000 0.63800001 14.45000000 0.40000000 13.05000000 0.76599998
43.21799927 0.53800001 15.38399963 0.32200000 12.48399963 0.50999999
43.29600220 0.53000002 13.82600098 0.51200004 17.36600037 0.96399994
42.55000000 0.50999999 14.78399963 0.90400000 12.58399963 1.22399998
42.21600037 0.25999999 14.61799927 1.40799999 8.46800003 2.62399979
44.90000000 0.10000000 13.13399963 0.87399998 20.46600037 0.51799998
45.00000000 0.00000000 16.85000000 0.28600001 19.26600037 0.43800001
45.46600037 0.54600000 18.00000000 0.00000000 20.45000000 0.56200004
45.55000000 0.48600001 17.23399963 0.36600001 20.63399963 0.39400001
45.65000000 0.46599998 17.28399963 0.32199998 20.63399963 0.46800003
45.51600037 0.48000002 17.13200073 0.38800001 20.51600037 0.45200000
45.50000000 0.50000000 17.43399963 0.36600001 20.65000000 0.43800001
45.66799927 0.58800001 17.25000000 0.28600001 20.71799927 0.37400000
45.75000000 0.60200000 17.08399963 0.43200002 20.95000000 0.25799999
45.50000000 0.50000000 17.25000000 0.35799999 20.05000000 0.99400005
45.43399963 0.46600003 17.60000000 0.17200000 20.08399963 0.79000001
45.46600037 0.49400001 16.98399963 0.18000000 20.15000000 0.85400000
45.60000000 0.55200000 17.13399963 0.46599998 20.45000000 0.49200001
45.63399963 0.48800001 17.75000000 0.18600000 20.43399963 0.19400001
45.58999939 0.48600001 17.08800049 0.50800004 18.94600067 0.64400001
45.60000000 0.47200003 16.80000000 0.34400001 19.15000000 0.57399998
41.65000000 1.43600006 14.88399963 0.86199999 15.50000000 1.51400003
42.55000000 0.51799998 13.46600037 0.83999996 10.41600037 1.28599997
44.83399963 0.19400001 15.71799927 1.34999990 8.30000000 0.86000004
43.30000000 0.73000002 17.60000000 1.49799995 7.28399963 1.52400007
44.20000000 0.27200000 17.00000000 1.25799999 14.50000000 1.05199995
43.80000000 0.48800001 13.38399963 2.05600014 12.30000000 1.86400013
38.50000000 0.62599998 15.25000000 0.45000000 13.30000000 1.83400002
41.30000000 0.64200001 12.40000000 0.14200000 8.48000031 0.56799998
41.75000000 0.27400000 13.03399963 0.58200002 6.40000000 0.73600001
41.76600037 0.19400001 12.16600037 0.19400001 5.15000000 1.32399998
42.00000000 0.00000000 11.93399963 0.09400000 7.56600037 0.83199997
42.00000000 0.00000000 11.83399963 0.26800001 7.31600037 0.59000001
39.53399963 0.87600002 10.50000000 1.40799999 12.93399963 1.02999992
36.60000000 0.52399998 14.05800018 1.23999996 14.88399963 0.85799999
36.45000000 0.51199999 13.31600037 0.43200002 19.68000031 0.61599998
39.38399963 0.55999999 12.23199997 0.45400000 19.26600037 0.48800001
36.45000000 0.56000004 12.03399963 0.61399994 16.25000000 0.94200001
36.00000000 0.00000000 14.80000000 0.25200000 12.05000000 1.00400000
36.00000000 0.00000000 14.70000000 0.37400000 12.50000000 0.76000004
35.90000000 0.17400000 15.00000000 0.17200000 13.30000000 0.92400007
35.55000000 0.71599998 14.75000000 0.25799999 11.68399963 0.57599998
36.00000000 0.00000000 14.25000000 0.43800001 9.25000000 1.47999992
35.55000000 0.77999997 14.65000000 0.33800001 13.05000000 0.75599995
35.32999878 1.06400003 13.51600037 0.50000000 12.40000000 0.70799999
33.80000000 0.69200001 13.45000000 0.58400002 16.35000000 0.91999998
43.86600037 1.13199987 12.11600037 2.55999985 17.45000000 1.70400009
38.26600037 1.47799997 12.85000000 1.93400002 12.00000000 2.22799988
40.16600037 1.06000004 18.51799927 0.27400000 17.65000000 0.92200003
38.31600037 1.19200001 18.26600037 0.36600003 15.80000000 0.89800005
39.36600037 0.46599998 18.00000000 0.00000000 14.81600037 0.60600004
42.95000000 0.74400001 17.33200073 0.77800002 11.65000000 1.36599998
42.45000000 0.60200000 19.95000000 0.33800001 11.91600037 1.43999987
40.70000000 0.75999999 19.38399963 0.38000000 16.15000000 0.28600001
41.10000000 0.71599998 20.78399963 0.18000000 16.15000000 0.78199997
41.48399963 0.52200003 18.91600037 0.66599998 18.46600037 0.29400001
41.85000000 0.18600000 18.83399963 0.55000000 18.00000000 1.00799990
41.20000000 0.63199997 20.00000000 0.44400001 16.30000000 0.71599998
41.50000000 0.50000000 20.33399963 0.36599998 15.26600037 0.59800000
41.55000000 0.47400002 20.78399963 0.35200000 16.35000000 0.73199997
41.95000000 0.08600000 20.90000000 0.17200000 16.10000000 0.57399998
41.60000000 0.36399999 21.00000000 0.17200000 12.51600037 0.94600000
40.50000000 0.76599998 21.00000000 0.00000000 15.45000000 0.92200003
40.63399963 0.76799998 20.90000000 0.10000000 14.60000000 0.91800003
40.98399963 0.75400000 21.00000000 0.00000000 15.05000000 0.94799995
41.00000000 0.67399998 20.16600037 0.36600001 15.28399963 0.60600004
40.90000000 0.83800001 19.25000000 0.25799999 13.60000000 0.40400000
40.68399963 0.72799997 18.71600037 0.35200000 8.78399963 0.98199997
40.65000000 0.25799999 19.83399963 0.45999999 11.48200073 0.70999999
41.96600037 0.19400001 19.93399963 0.44600000 11.05000000 0.49000001
40.35000000 0.73200002 20.58399963 0.28000002 13.95000000 0.50599999
41.38399963 0.55999999 19.01600037 0.48000002 13.18399963 0.76999998
41.18399963 0.69600000 20.28399963 0.18000000 14.05000000 0.81199999
41.75000000 0.28600001 19.78399963 0.18000000 13.45000000 1.01400003
41.93399963 0.09400000 20.68399963 0.18000000 13.20000000 0.90599995
40.55000000 0.43800001 19.50000000 0.10000000 12.40000000 0.98400002
41.58399963 0.40400000 19.41600037 0.44400001 13.70000000 0.69600000
42.00000000 0.00000000 20.00000000 0.37200003 12.60000000 0.56000004
41.81799927 0.27400000 19.85400085 0.19200001 14.11800079 0.61600003
41.93399963 0.09400000 20.58399963 0.38000000 16.10000000 0.60400000
42.00000000 0.00000000 20.50000000 0.10000000 15.00000000 0.35200000
42.00000000 0.00000000 20.90000000 0.10000000 14.31600037 0.80000000
37.85000000 0.76999998 14.70000000 0.83199997 11.55000000 1.08599997
37.00000000 1.08799992 11.80000000 1.79200001 13.20000000 0.65000000
37.65000000 0.53199997 13.90000000 1.18800001 9.58399963 1.68400002
39.66600037 0.66799998 18.65000000 0.90799999 13.90000000 1.26200008
42.18399963 0.38000002 18.88399963 0.42200003 14.25000000 0.71400003
42.43399963 0.39400001 18.76600037 0.46599998 12.03399963 0.44000001
42.15000000 0.18600000 19.51600037 0.45200005 11.11600037 0.65400000
42.35000000 0.38600001 19.11600037 0.45200000 11.41600037 0.72800002
42.13399963 0.26600001 18.25000000 0.08600000 10.91600037 0.94400005
43.05000000 0.45799999 18.35000000 0.38600001 11.70000000 0.52600002
43.58399963 0.55999999 18.41600037 0.45200000 12.45000000 0.47400002
44.31600037 0.62399998 18.20000000 0.25200000 11.80000000 0.27400000
43.90000000 0.67399998 17.05000000 0.28600001 8.20000000 1.11999998
37.60000000 0.95000000 10.35400009 1.83400002 15.09400024 1.34399996
37.85000000 0.91199999 15.95000000 1.51000004 14.33399963 1.67999992
42.25000000 0.61999998 14.50000000 1.48000002 12.30000000 2.45600014
42.75000000 0.61799998 17.95000000 0.08600000 8.76600037 1.42199993
43.18399963 0.51199999 18.35000000 0.28600001 5.75000000 0.53199997
44.26600037 0.54600000 18.20000000 0.27200000 10.10000000 0.88800001
43.60000000 0.54200001 18.16600037 0.26599998 10.01600037 0.97200003
43.48399963 0.55999999 18.25000000 0.08600000 10.78399963 0.74399996
43.51600037 0.62799997 16.31600037 0.37400002 12.33200073 0.90200005
38.63399963 0.75000005 16.23399963 0.62399998 13.05000000 0.76399994
39.35000000 0.88999996 12.35000000 1.69400005 10.75000000 2.23999977
37.41600037 0.82999992 11.51600037 1.37800007 13.33399963 1.44799995
39.31600037 0.28000000 15.88399963 1.23400002 9.46600037 1.76599998
44.90000000 0.10000000 18.25000000 0.25799999 13.38399963 1.15599995
45.00000000 0.00000000 18.23399963 0.26600001 13.25000000 0.93599997
45.00000000 0.00000000 18.55000000 0.25799999 13.85000000 0.83199997
45.00000000 0.00000000 18.05000000 0.08600000 15.01799927 0.44800000
45.00000000 0.00000000 18.00000000 0.00000000 15.10000000 0.17200000
45.00000000 0.00000000 18.15000000 0.18600000 15.21600037 0.71799998
45.00000000 0.00000000 18.00000000 0.00000000 14.80000000 0.65200000
44.93399963 0.09400000 14.78399963 1.29399996 14.70000000 1.98400002
41.10000000 1.17199993 11.95000000 1.31399994 15.16600037 1.22000008
41.83399963 0.56199999 11.50000000 1.41599998 15.63399963 1.51400013
38.10000000 0.74600000 15.06600037 2.50799999 14.88399963 1.44600000
41.53399963 0.71999998 15.20000000 1.18599997 13.00000000 1.95799999
42.81600037 0.45200000 20.16600037 0.26599998 7.00000000 1.24600010
43.75000000 0.55800004 19.43399963 0.26599998 6.38199997 0.69600000
43.90000000 0.63000002 19.05000000 0.25799999 7.76600037 0.81400003
43.95000000 0.50999999 19.20000000 0.27200000 9.16600037 0.66200004
44.83399963 0.19400001 19.01600037 0.45200000 8.55000000 0.63600001
43.35000000 0.48400002 18.80000000 0.42400002 7.00000000 1.26800003
44.00000000 0.25200000 18.20000000 0.27200000 6.10200005 1.06800003
45.00000000 0.00000000 18.50000000 0.24200001 5.10000000 0.55400000
45.00000000 0.00000000 18.10000000 0.17200000 6.71800003 1.33600006
43.33200073 0.50200000 19.28399963 0.42199998 9.40000000 0.80000000
43.90000000 0.30000000 17.75000000 0.18600000 10.70000000 0.88000002
44.95000000 0.08600000 17.46600037 0.26599998 12.75000000 0.57800002
44.61600037 0.35999999 18.20000000 0.27200000 8.61800003 1.12000008
40.95000000 0.92600002 18.05000000 0.50200000 10.65000000 1.96199989
44.98399963 0.64200001 10.86600037 0.61799998 14.03399963 1.07800007
42.30000000 0.83400002 17.65000000 0.55599999 10.03399963 2.18600006
43.56600037 0.54800000 17.60000000 0.00000000 10.70000000 0.77600002
43.40000000 0.55200000 19.95000000 0.50000000 9.58399963 0.93799992
43.75000000 0.62999997 20.76600037 0.19400001 10.06600037 0.72800002
44.60000000 0.29400001 19.56600037 0.46599998 11.50000000 0.50400000
45.00000000 0.00000000 18.20000000 0.27200000 12.85000000 1.06599998
45.00000000 0.00000000 18.40000000 0.37200003 12.50000000 0.59799995
45.00000000 0.00000000 18.38399963 0.38000000 11.98399963 0.70000000
45.00000000 0.00000000 18.88399963 0.28000000 12.35000000 0.38600001
45.00000000 0.00000000 18.55000000 0.35799999 11.70000000 0.54600005
45.00000000 0.00000000 18.51799927 0.37400002 11.40000000 0.63799996
44.73399963 0.29400001 18.20000000 0.27200000 11.75000000 0.57200003
45.00000000 0.00000000 17.85000000 0.18600000 12.88399963 0.72400002
45.23399963 0.19400001 19.23399963 0.36600003 12.13399963 0.41399999
45.00000000 0.00000000 18.90200043 0.37200000 12.85000000 0.83400002
45.00000000 0.00000000 18.40000000 0.20000000 13.68399963 0.76400003
44.85000000 0.18600000 19.00000000 0.51399999 12.80000000 0.78599997
45.05000000 0.08600000 20.40000000 0.20000000 12.35000000 1.18999996
44.80000000 0.27200000 20.15000000 0.28600001 13.30000000 0.98400002
44.90000000 0.17200000 19.00000000 0.34400001 9.50000000 0.43199997
44.23200073 0.48800001 18.51600037 0.49400001 10.75000000 0.84600000
44.25000000 0.48600001 20.45000000 0.35799999 9.51600037 1.22199993
44.85000000 0.18600000 19.31600037 0.35400000 9.21800003 0.60000000
44.90000000 0.17200000 19.08399963 0.35200000 9.38399963 1.01400003
45.00000000 0.00000000 20.35000000 0.08600000 10.83399963 0.73400002
44.83399963 0.19400001 21.00000000 0.00000000 11.10000000 0.79000001
45.00000000 0.00000000 20.68399963 0.30599999 10.56600037 0.74600000
44.66600037 0.29400001 19.66600037 0.36599998 5.10000000 0.60599999
44.80000000 0.20000000 20.50000000 0.17200000 8.90000000 0.55400000
45.00000000 0.00000000 19.40000000 0.33000000 5.31599998 0.85000000
44.51400146 0.49200001 20.61000061 0.16600001 8.41600037 0.89600000
44.75000000 0.28600001 20.13399963 0.26599998 6.80000000 0.71600003
44.50000000 0.48800001 20.45000000 0.18600000 9.10000000 0.99799995
44.70000000 0.37200003 20.05000000 0.18600000 9.93399963 0.49400001
45.00000000 0.00000000 19.46600037 0.46599998 9.48399963 0.86800003
43.55000000 0.53199997 19.95000000 0.18600000 9.91800003 0.86800003
37.50000000 0.71199999 12.40000000 1.08400002 16.38399963 2.17000008
41.90000000 0.53800001 15.85000000 1.28400002 16.01600037 1.13600006
42.33399963 0.65000000 14.28399963 2.28400002 16.00000000 2.29000015
42.60000000 0.50599999 16.23399963 1.69599991 14.95000000 1.71000004
42.41600037 0.35999999 18.10000000 0.31399999 8.65000000 1.93799992
45.00000000 0.00000000 18.20000000 0.25200000 13.80000000 0.90000000
45.00000000 0.00000000 15.45000000 0.08600000 14.03200073 0.63400002
45.00000000 0.00000000 16.18399963 0.48000002 16.25000000 0.66199999
45.15000000 0.18600000 17.05000000 0.43800001 14.98399963 0.75800004
45.00000000 0.00000000 18.15000000 0.18600000 13.18399963 0.18000000
45.40000000 0.37200003 17.41600037 0.18000000 15.80000000 0.63600001
45.25000000 0.35799999 17.41600037 0.35200000 16.40000000 0.93600006
45.20000000 0.27200000 17.05000000 0.32800000 14.25000000 1.15600004
45.25000000 0.18600000 17.01600037 0.32199998 13.35000000 0.94200001
45.75000000 0.76400003 16.40000000 0.47200003 12.95000000 1.10000000
37.75000000 0.78399997 14.96600037 0.80400000 13.70000000 0.95200005
39.10000000 0.66399999 16.98399963 0.70800004 10.35000000 2.02999992
43.85000000 0.61799998 17.25000000 0.32800002 10.36600037 0.76199999
44.85000000 0.16600000 18.20000000 0.20000000 11.38399963 0.69000001
45.00000000 0.00000000 18.63399963 0.26599998 12.30000000 0.68800001
45.50000000 0.49400001 13.81600037 0.57800002 14.63399963 0.81599998
42.30000000 0.30400000 13.90000000 0.38800001 14.05000000 0.72199998
44.20000000 0.20000000 16.00000000 0.34400001 14.50000000 1.06199999
44.85000000 0.18600000 18.26799927 0.18800000 12.05000000 0.36799998
44.70000000 0.28800001 16.80000000 0.25200000 12.93399963 0.79800005
44.50000000 0.50000000 16.15000000 0.35799999 14.93399963 0.44000001
44.35399780 0.43400002 15.25000000 0.08600000 14.65000000 0.90000000
43.46600037 0.76999998 14.63399963 0.26599998 13.00000000 1.57400007
44.85000000 0.18600000 14.85000000 0.26599998 16.90000000 0.64199996
44.95000000 0.08600000 17.25000000 0.45999999 15.95000000 0.83400002
45.11600037 0.18000000 16.48200073 0.53800001 15.23200073 0.76400003
44.75000000 0.28600001 17.90000000 0.10000000 15.70000000 0.43600001
44.36000061 0.41199999 18.00000000 0.00000000 15.53399963 0.61400003
44.93399963 0.09400000 18.00000000 0.00000000 15.58399963 0.65400000
45.00000000 0.00000000 17.95000000 0.08600000 15.40000000 0.76999998
45.00000000 0.00000000 16.75000000 0.18600000 15.60000000 0.59400001
45.00000000 0.00000000 16.95000000 0.08600000 16.13399963 0.68400002
45.00000000 0.00000000 15.25000000 0.33000000 16.20000000 0.78399997
43.83399963 0.62599998 17.35000000 0.18600000 15.60000000 0.67600002
45.00000000 0.00000000 17.55000000 0.73799996 15.00000000 1.07399998
43.13399963 0.80799999 14.30000000 0.42399998 14.60000000 2.07600002
37.55000000 0.70600004 18.13399963 0.77800002 13.51600037 1.65599995
39.65000000 0.65000000 13.65000000 1.47799988 10.15000000 1.92799988
38.70000000 0.79799995 15.46799927 1.06599989 13.05000000 1.91999989
37.46799927 0.42399998 10.15000000 1.29799995 11.50000000 2.70599995
40.05000000 0.45800004 14.63399963 1.62399998 11.01600037 1.23000011
44.60000000 0.31399999 17.93399963 0.09400000 15.91600037 0.91800003
44.73399963 0.09400000 17.90000000 0.17200000 16.35000000 0.60799999
42.40000000 0.49200001 16.45000000 0.37400000 13.85000000 0.75600004
40.51600037 0.35999999 16.15000000 0.18600000 12.85000000 1.00000000
42.00000000 0.37200000 15.60000000 0.25200000 13.95000000 0.61199999
40.98399963 0.74800000 17.13399963 0.36599998 13.41799927 1.11399994
39.21600037 0.28000002 16.68399963 0.55999999 12.38399963 1.08799992
39.55000000 0.56599998 16.20000000 0.62400002 10.60000000 1.63999996
41.80000000 0.42400002 17.55000000 0.61199999 12.95000000 1.15799990
42.88399963 0.70400004 17.63399963 0.44600000 14.53399963 0.63000002
39.05000000 0.90400000 14.80000000 0.90599995 8.05000000 1.07199993
43.38399963 0.64400001 16.36600037 0.46600003 14.58200073 0.61200004
43.65000000 0.46599998 18.25000000 0.33800001 13.35000000 0.90000000
44.85000000 0.18600000 18.58399963 0.32199998 14.98200073 0.35400000
44.85000000 0.33800001 19.41600037 0.38000000 15.35000000 0.43800001
45.10000000 0.10000000 19.50000000 0.49400001 16.85000000 0.78999996
45.00000000 0.00000000 19.03399963 0.34600000 16.81799927 0.47400002
45.00000000 0.00000000 19.06799927 0.53400002 15.45000000 0.42800002
45.15000000 0.25799999 19.21600037 0.28000002 14.65000000 0.46599998
44.60000000 0.28199999 17.48399963 1.32799997 12.36600037 1.58999996
38.78999939 1.09799995 10.88399963 1.54399996 12.98600006 1.98999996
42.10000000 0.84799995 14.93399963 1.49399996 13.73399963 2.21399994
43.65000000 0.52800002 13.38399963 2.07999992 11.33399963 2.06399994
45.25000000 0.36599998 9.91600037 0.85000000 16.70000000 1.13600006
45.90000000 0.55200000 15.88600006 0.55000000 14.88999939 1.30600014
46.43399963 0.58799996 16.88399963 0.94799995 14.91600037 0.71800003
46.48399963 0.53199997 17.16600037 0.62000003 14.15000000 1.00999994
45.78399963 0.48000002 18.45000000 0.65599999 12.96799927 0.87200003
45.66600037 0.52599998 17.15000000 1.33600006 7.68399963 2.26399994
44.95000000 0.08600000 11.41600037 1.59600010 12.98399963 1.37799988
45.43399963 0.38199999 18.56600037 0.51000004 17.05000000 0.79600000
45.10000000 0.10000000 18.35000000 0.16600000 18.65000000 0.58199997
45.45000000 0.96000004 14.45000000 1.74400005 17.13399963 3.06599998
