-1.02593601 0.54000485 0.48682317 1.15907800 -0.20118026 0.48438421
-1.12660873 1.46860445 0.09574660 0.38831878 1.25192821 0.22661620
-0.90512824 1.47543967 -0.01659909 0.47303283 0.22022104 2.12728500
-1.02996302 1.05849731 1.02579832 0.69384497 0.10081366 1.70063424
-0.15491550 -0.22259897 0.96678114 0.94937593 -0.07166413 1.83840668
-0.24068840 0.52340537 -0.05215166 1.10352790 0.41481155 0.30957600
-1.88487542 0.62983775 0.10214591 1.46738172 0.53611416 0.52141982
-1.01586890 0.33397481 -0.37852272 0.42581525 0.93603510 0.87844300
-0.67035937 0.46872428 -0.65085429 1.19657445 0.17789172 2.26505733
-0.48552439 0.14747377 0.07797031 0.91326827 0.52537429 0.79252076
-0.21370834 0.95108813 -0.21853685 1.48821294 0.31498933 0.62067533
-0.87492687 0.71185917 0.78261966 0.06612772 -0.24856411 1.46360612
-0.78432125 0.84563226 -0.08841454 0.78133667 0.49883935 1.30509400
-1.06258070 0.65327245 1.05566227 -0.18523705 1.47305357 0.50067997
-1.25748277 0.74798781 -0.33088255 2.14648294 1.10977602 1.90803397
-0.51572651 0.89543086 0.47473586 1.23823714 1.46231318 0.60586095
-0.96231043 0.42576090 1.36994600 0.13417660 1.10977602 0.78511345
-0.63331217 1.12391925 0.27350876 0.38693011 0.28339991 1.42657065
-1.11009824 0.97940511 0.78333032 0.20778058 0.32509780 1.92432952
-1.29775202 1.60921264 -0.79875255 1.43821800 -0.16453630 0.75104070
-1.69842947 0.41111401 -0.09979185 1.28267717 0.18547261 0.62215668
-0.54592866 1.47348654 0.23226787 1.24101460 0.66247129 1.14806259
-1.00580096 0.95889986 0.75346643 0.78133649 -0.93847466 1.00732720
-0.64015800 1.02725124 0.63401073 0.54941446 0.02184038 0.29920590
-0.85157061 1.55648434 0.27919742 0.70912129 0.84126741 1.12435997
-1.16687799 0.79290420 0.22657922 0.67717993 0.68837476 0.17921050
-0.44203386 0.56441611 0.31474966 0.72578633 0.56201762 0.56289953
-1.05291605 0.54488701 0.02464180 0.76744896 -0.21697468 1.29027939
-0.79438841 0.99893421 0.32683763 1.11463797 0.27265942 1.93618083
-0.67358142 0.86906683 0.42780599 0.39526269 0.55696309 0.75992948
-0.83465761 0.54879284 0.41571870 0.74522883 1.16790044 0.96732861
-0.58297580 0.76556361 -0.36074644 0.90076953 0.52031976 1.36731327
-1.14674294 1.11806059 -0.22422516 0.30638218 -0.05397389 0.19550623
-1.21721435 1.00479269 -0.42545226 1.57014954 -0.22202919 1.26065111
-0.96231043 -0.09468471 0.14907545 1.32295096 0.71996421 0.35253739
-1.19385803 0.82219738 0.47473586 0.83827549 0.64099091 0.83548182
-0.86163771 0.38475013 1.41687524 0.56607932 0.04648007 0.04143805
-0.45210096 0.12306266 0.00686551 1.37711239 0.52537429 1.13176692
-1.11654162 0.28905857 1.04357493 1.62570000 0.61508745 0.98362434
-1.41574013 0.79973924 1.18009591 1.47154772 0.10270888 1.26805806
-0.57290870 0.25585914 -0.03437537 1.27573323 0.30424884 0.95251459
-1.56956840 2.51144767 0.01895314 1.60209084 0.51463377 0.60882390
-1.08633947 0.92472440 0.36239019 -0.05886038 0.54116869 0.14217490
-0.80244315 1.13173068 0.74991107 1.50765574 0.46535441 0.57623243
-1.22728145 0.26171786 0.23795654 1.22157216 1.04091179 0.89177614
-0.90150446 0.37498546 0.23795654 1.26601207 1.27846313 0.51104987
-1.11331952 1.97537947 -0.50864470 1.41460896 0.93098056 0.41179451
-1.06620526 1.06435597 -0.35434714 0.82299912 0.85706180 0.71993053
-0.80123419 -0.47549838 0.27350876 0.94937593 1.21528423 0.80289072
-1.60299182 1.09755528 0.30906099 1.21046185 0.56201762 1.79248273
-1.07627237 1.29089141 0.52237570 0.97298491 0.84126741 0.15847063
-0.90271264 0.79680979 -0.29532996 1.58542597 0.66752583 1.28139091
-0.86163771 0.15528534 0.14907545 0.71050996 0.36742771 0.71400523
-1.12660873 0.53609914 0.02464180 1.60070217 0.59360707 1.72581816
-1.00580096 0.08205190 -0.26546606 0.91049099 0.86717087 0.65771079
-1.19707930 1.99295557 -0.41976362 0.76467144 0.50957924 1.33472192
-1.33802128 0.78411609 -0.17658497 1.31322992 0.66752583 0.20143186
-0.92163873 0.50973505 0.30835032 0.76744896 0.51463377 0.81622344
-1.09721231 1.05459154 -0.13889974 0.92993343 -0.05397389 0.22809769
-0.41183248 1.02725124 0.26782045 0.52163935 0.09386392 0.55697393
-0.38485166 0.19629611 -0.00522212 1.13546920 0.32004327 0.37624007
-1.66379821 0.86906683 -0.60961342 2.00344110 0.54116869 0.45771837
-1.24741566 0.97745234 -0.08557089 1.00909221 1.39723933 -0.50668931
-1.52245378 1.00869870 0.48682317 2.47422910 0.14061633 2.05173159
-0.42189962 0.55269867 0.32114896 1.09936118 1.06239223 1.05473268
-0.08967931 0.79876280 1.35216939 0.54108185 0.49378484 1.29176104
-0.65344644 0.38865587 0.93122858 0.44525775 0.34657818 2.03395486
-0.78109998 0.52926385 0.54584032 1.01603651 0.19368614 1.19398689
-1.05291605 0.84465587 0.00686551 0.09529146 1.33595598 0.37327743
-1.07264781 0.29491705 0.04810640 0.59663200 0.05722026 1.77026117
-0.58297580 2.06716514 -0.10334718 1.51737702 0.36110970 -0.10077880
-0.75411916 0.77435178 0.14338680 0.81744415 0.49378484 0.86659157
-1.15358877 0.87394923 -0.57974952 0.32026973 0.85200727 0.42216447
-1.58970308 0.52731109 -0.02868672 0.46192291 -0.14305592 0.81029797
-1.07627237 1.28015041 -0.86416906 0.86049545 0.07806920 0.35698152
-0.97559959 0.34178650 0.74777842 0.79105788 0.58855253 0.92288589
-0.82459050 0.40818477 1.18009591 0.46747771 0.64667684 0.86214763
-0.75411916 0.76263434 -0.12965576 0.23138954 1.92604375 0.52438265
-0.80646938 1.37877166 0.71791452 1.07158661 1.29931200 1.12584126
-0.05263213 0.63862580 -0.46100450 2.60754991 -0.14874189 1.22805941
-0.94539750 1.52719128 0.38016614 0.35915485 0.54116869 0.69326502
-1.10647368 1.02041590 -0.84070444 1.87567568 0.93098056 0.77178055
-0.82781184 0.91398358 -0.08201557 0.39109623 0.21453537 1.00584602
-1.18701220 0.74701130 -0.56197321 1.57431579 0.53611416 2.39986682
-0.81130135 0.22461283 -0.14103274 0.58968824 0.08880939 1.25620699
-0.51935029 0.11622746 -0.07632691 0.81466687 0.84126741 1.22954130
-1.22728145 0.71185917 0.33252627 1.57848203 0.23601575 1.41027510
-0.95908910 1.62092996 -0.02299840 1.07714140 0.79388291 -0.00448616
-1.91870129 1.87480557 -0.17658497 0.77300406 0.80967796 0.93325585
-1.32795417 1.21668136 1.23982370 0.03279744 0.73070467 1.20139384
-0.40861043 0.70502394 0.08365896 2.60893822 0.06227449 1.22657800
-1.13989711 1.27136254 0.81248355 0.67717975 1.20454431 1.13621128
-0.66673559 0.99014616 0.55792832 0.99937129 -0.23213765 1.29324222
-0.88499397 0.15528546 0.01824248 1.03686762 -0.02238446 1.29620516
-0.83465761 0.46774781 -0.52642101 0.62301862 -0.31174266 1.87692380
-1.48903036 0.84563226 0.87221140 1.07436395 0.50452471 -0.00448616
-0.72109818 0.83391482 0.36239019 0.88271570 -0.53729028 1.65322864
-0.99573386 1.28210330 0.25573248 0.99659365 0.46219540 2.05617642
-0.80042851 0.72260022 0.38016614 0.44942403 0.23159327 1.52730739
-0.55961955 1.36119533 0.27919742 1.13685775 0.50957924 0.19846922
-1.13989711 0.48630032 -0.44962752 0.95909721 0.70985574 0.62511969
-1.25426149 1.33580768 -0.23631279 0.70356619 0.62014198 1.97766054
-1.31466496 1.05556786 1.28675294 0.64107227 0.97836441 0.70067215
-1.50594330 1.04970944 0.64680940 0.55496937 0.63088244 0.76141059
-0.21048704 1.00869846 1.04428554 0.66329241 -0.01164427 1.11398971
-0.76418704 1.27526832 0.46904722 0.87577194 0.39901653 1.12287807
-1.11815226 0.73822325 -0.49869007 1.95205736 0.29919431 1.07547295
-0.80445552 1.52621472 -0.97651470 1.01048124 0.71490967 0.63104510
-1.08633947 0.41209048 -0.01091077 0.51191813 0.43060598 1.40138614
-0.77103209 0.25195330 0.31474966 1.23129320 1.01500833 0.92584890
-0.57290870 1.20105839 -0.15951969 0.73273009 0.56201762 0.39846161
-1.15681005 2.10524702 -0.25977772 1.97566605 0.19874066 0.50808692
-1.62312651 2.04275441 -0.41407496 0.94243199 0.66752583 0.95103306
-1.33802128 1.23230457 0.48682317 0.78133649 0.14630228 0.78807628
-0.78432125 1.64631760 -0.31310624 1.55348432 -0.52781355 0.58067679
-0.89506114 0.87492579 0.96678114 0.42164880 0.19368614 1.18657970
-1.41533768 0.96182919 0.62903345 1.28267717 1.13062561 0.22365339
-0.91519612 1.20301116 0.62903345 2.04649282 -0.32753739 1.33620381
-0.81774467 1.33092558 0.68236196 -0.09080167 0.48304436 1.35694361
-0.45210096 0.70795351 0.31546029 0.60774207 -0.12220698 1.55397320
-1.17694509 1.20008183 0.09574660 0.76744896 0.29350865 0.80140918
-1.23734856 0.83391482 -0.18867294 0.87716061 -0.25930429 1.68433869
-1.76728976 1.37291288 0.61125684 0.01752109 0.20948085 1.18213546
-1.21721435 1.12196624 -0.63307834 0.85771793 0.60434753 1.38509047
-1.23654282 0.40427878 -0.81084055 1.49654579 0.37564063 1.20731962
-1.14674294 1.03408623 0.36807817 1.32989490 0.46724993 0.31846443
-1.46607649 1.59944808 -0.03437537 0.83133185 0.23791099 1.72878146
-1.27117443 0.38767937 0.01255417 1.11880410 -0.31300616 1.70952249
-1.34808838 1.07021475 -0.37283409 0.77855903 -0.07987735 0.77918786
-1.30781913 1.12294292 0.34461355 0.59385455 0.11471286 0.61474955
-0.71385068 0.49020627 -1.01206732 1.27573347 -0.14305592 0.38809133
-0.39652944 0.20313108 0.31048298 0.78550279 -0.42735961 1.12732279
-1.11654162 0.80852723 -0.09339254 1.76874161 1.08324111 0.52438247
-1.23734856 1.84844184 1.15023196 0.67995739 1.20454431 0.08143646
-1.44876111 1.36119533 -0.05855063 0.62024099 1.22033870 1.03991866
-1.03600311 0.63081425 0.80679560 1.40766501 0.24107029 0.23846744
-0.67358142 1.07119107 0.27990806 1.33544970 1.01500833 0.40438724
-0.52257234 0.67963648 -0.70418316 1.68125010 0.47798982 1.17917240
-1.36822343 0.32518676 0.06019437 0.13001031 0.00415045 0.82807487
-0.96875376 1.09755504 0.10783423 1.72291279 0.76229411 0.07847364
-0.97559959 0.94913542 -0.26546606 0.66884732 1.32016098 0.49771696
-1.15681005 1.20203507 0.71791452 1.35628140 1.39408028 0.17476636
-1.12983000 0.75482291 -0.07632691 1.84928930 0.14630228 2.43097663
-0.35142824 0.27636454 -0.02868672 1.66319633 0.08312373 0.63548958
-1.11654162 0.99502826 0.00686551 1.60625720 0.73070467 0.34513026
-1.13667583 0.63960230 0.04241808 1.01048100 -0.11715245 1.60434151
-1.13023245 0.57906276 -0.12325645 2.17981291 0.69469273 1.32731533
-1.07305026 1.03799176 0.05450571 0.97159606 1.25192821 1.73470712
-0.92848456 1.19031739 -0.08770388 0.15084161 0.19368614 1.27694678
-1.19023347 0.81145656 0.09574660 0.70078874 0.77303398 1.46508741
-0.90835029 1.29674995 0.06730468 0.36609879 0.77808851 0.62067515
-0.61317796 0.29491705 -0.53210932 0.90354687 0.48873031 1.00732720
-1.66017401 0.73041165 1.17440724 0.17445056 0.86211634 1.03251135
-1.08633947 1.45688725 -0.30741793 0.97992849 0.71996421 0.73770773
-1.21036851 0.73041165 0.67667329 0.44386908 0.40975702 1.24435520
-1.20714641 1.82305419 0.51668710 1.26184595 0.20948085 0.23550464
-0.63331217 0.97354662 0.25004417 0.23833314 -0.00090408 0.04143805
-1.10325241 0.66498989 0.41571870 1.22018313 0.07806920 2.49467826
-1.23734856 1.27331531 -0.10548017 0.88271570 -0.18538554 0.87103605
-1.64326108 1.24011624 -0.77528793 0.87299430 -0.68576014 1.52582645
-1.40849221 1.08290851 -0.38989970 1.25490201 0.49378484 0.59400970
-0.69371569 1.07021475 -0.13534409 0.31749225 1.49390256 0.21328327
-0.71385068 0.74115270 1.29884088 0.50636303 0.53611416 1.32435238
-2.00930691 0.60835588 -0.29532996 0.57302326 0.50957924 1.12139702
-1.10647368 1.16492975 0.51668710 0.91326809 1.99427712 0.26957741
-0.86485976 1.00772202 0.83665949 0.25916460 1.58361566 0.29624325
-1.21399224 1.15907109 -0.19436125 0.55496937 1.26772261 0.34957442
-0.50968564 1.76446712 -0.66863060 1.44238436 -0.07482283 0.80881649
-1.10647368 0.70014173 -0.17658497 1.10630548 0.70416975 -0.30669698
-1.49909747 0.48532394 0.73569047 0.54385948 1.12557101 0.55252963
-1.20392513 1.34069026 0.61125684 0.22444576 0.64667684 1.33027804
-1.44553983 1.80059576 0.20809262 0.83827549 0.78314304 0.46956998
-1.63681781 2.10524702 -0.61530209 1.45766056 0.30930337 1.33175933
-1.38151181 1.07607341 0.88358873 0.47025535 0.74649906 0.72289371
-0.99573386 1.33092558 0.00686551 1.02853501 0.34657818 0.37920305
-1.23412728 1.07021475 0.06588268 0.98409480 -0.18538554 1.34064794
-1.39842474 0.57515693 0.64680940 1.93539250 0.19874066 0.63252676
-1.18701220 1.17176509 0.58210355 0.56746829 1.64174008 0.88733178
-1.12660873 1.53597915 0.31474966 1.59792495 1.29425752 1.59397197
-1.41171396 0.89445448 0.45127127 1.27156711 0.54116869 0.79548359
-1.00902307 1.27819741 0.58139288 0.76606011 0.32004327 0.71104211
-0.55277371 0.66694278 0.26284313 0.68273491 0.26318270 1.15991402
-0.84150344 0.12599202 0.11992219 0.42026013 0.32004327 1.24879968
-1.36500132 0.66596627 0.15547442 2.07149029 -0.04323370 1.14213681
-1.19707930 1.50766242 0.14907545 1.52432060 0.67826629 0.65474814
-1.17694509 1.36998332 0.25573248 1.58542597 0.78314304 0.09476919
-1.01586890 0.65913117 -0.87625664 1.15630054 0.95182949 0.29179877
-0.85479188 0.80852723 0.07797031 1.88956356 -0.81211722 1.07251000
-0.89183980 1.16395342 -0.59183711 1.22296059 0.15704247 0.60437942
-0.82459050 0.88371366 0.33252627 0.72300899 0.94677556 1.17028403
-1.39157927 1.19617605 0.68236196 1.81734824 0.74144459 1.71544850
-1.48903036 1.29089141 -0.11756780 1.24101460 -0.01164427 2.02654743
-1.16003215 1.63752949 -0.17089665 0.89104831 0.37816760 0.61771256
-1.20392513 0.81048018 0.50459981 0.97992849 0.18863191 1.36731362
-1.53614509 1.74005604 0.54015237 0.79661304 0.24107029 1.16583991
-0.96553248 1.20594072 0.41003004 0.78966922 0.88359672 1.41620076
-0.74767655 1.56820202 1.21564841 0.73967385 0.58855253 0.07995514
-1.39842474 1.62678850 -0.09979185 -0.01580886 0.46724993 1.36286914
-1.04607022 1.50180352 -0.50864470 1.06047630 0.05153430 0.70659798
-0.73720622 1.10829592 -0.96513772 1.48126900 -0.35407230 0.14365639
-1.49587619 0.07131108 -0.04646300 0.29527229 0.42491999 -0.00744915
-1.39842474 1.24109256 0.02464180 0.51886171 0.05658882 0.67993230
-1.87158668 2.12282276 -0.16520800 0.99937129 -0.08556302 1.09917557
-0.53263944 1.01455736 -0.47309214 0.86605054 0.60434753 1.49175334
-1.10647368 1.41392350 0.06019437 1.47293675 -0.86961013 2.15543175
-1.11331952 0.27734101 0.08365896 1.58264840 0.73070467 0.47993991
-0.97237754 1.08486152 -0.09410320 1.27295601 0.17283720 0.80733502
-0.94539750 1.51059127 0.29128504 0.12862149 -0.22771516 1.62952578
-1.01586890 1.07412040 -0.19436125 0.16472915 0.64667684 -0.50372648
-1.20714641 1.02334523 0.71791452 0.61468601 0.88233322 0.45771855
-0.98244542 0.87004346 0.89567667 0.43275887 1.58867025 -0.09929739
-0.50243735 0.30468148 0.65249801 1.03547859 0.33583829 1.20287549
-0.85479188 1.21472859 1.11467934 0.53552693 0.30993482 1.12732279
-1.54943383 1.40806472 0.56646025 0.55358076 1.16347790 1.40583050
-0.79318023 0.89152509 -0.25551140 0.71884257 0.86211634 1.09325016
-1.12660873 0.97549963 -0.13534409 0.62301844 0.28845412 1.36583209
-1.61990476 0.52145249 0.34461355 0.15084177 -0.46463501 0.55993688
-1.54943383 0.90910149 -0.34297016 0.69245613 -0.11715245 1.05176973
-0.87492687 0.57320392 -0.63307834 2.28396988 0.32004327 0.83696330
-0.84150344 1.33385491 -0.44322821 0.46608904 0.60940146 0.38809150
-1.16365588 1.12294292 -0.07632691 0.67717993 -0.10135774 1.86507261
-1.35815549 1.40513539 0.00117720 1.04242253 0.15704247 0.80289072
-0.90190697 0.93155950 0.00686551 1.88956356 0.24107029 1.26509535
-1.21721435 1.40611172 -0.08201557 1.85484457 0.43060598 1.63397038
-1.27761781 2.34154654 -0.18867294 2.19508934 0.16209701 1.06213999
-0.68364853 0.80266863 1.03646362 -0.14218570 0.00857293 0.92733037
-0.77103209 1.84355927 0.60983479 0.85077435 0.96699244 1.33175933
-0.75411916 0.82415038 0.69444925 0.35915503 1.06744671 1.43842196
-1.05613732 0.29882276 0.39225408 1.12158155 0.88359672 0.31105733
-1.05976188 1.76251435 0.64041007 0.68273491 0.72059560 -0.20299724
-1.19385803 1.01943946 0.20240396 0.75911653 -0.02743899 1.38064671
-1.03600311 1.30065584 -0.31310624 0.53830439 -0.25361863 1.18361688
-1.38835764 0.94815904 0.72360247 0.92021221 0.24612451 0.51104987
-0.81774467 0.67866009 -0.82292813 1.23823714 0.49883935 1.11102700
-0.24391046 1.08583784 -0.17089665 1.45210528 0.01489064 0.16587774
-1.27761781 0.73041165 -0.00522212 -0.12968689 0.67258036 0.49030983
-1.70044291 1.54183781 0.32683763 -0.04497276 -0.12220698 0.43105289
-0.14323774 -0.02340424 -0.17658497 0.73550773 0.69406074 0.70511645
-0.90190697 0.41404349 -0.43753991 1.57570481 0.85706180 0.71696788
-0.60311007 1.15614200 -0.55628490 0.55080312 0.75723958 0.98954999
-1.40849221 0.16993202 -0.20644888 1.74374390 0.58855253 -0.01930040
-1.55950129 0.92570078 -1.61645854 0.83688682 0.54116869 1.36138797
-0.91197407 0.40037307 0.52877504 0.56746811 0.11471286 -0.23706992
-1.00580096 0.15626173 -0.65085429 0.39109623 0.43060598 0.23402332
-0.47908181 -0.26946846 0.21449159 1.02436864 0.16209701 0.65771097
-0.92526323 0.75091714 0.69444925 1.01742494 0.10965863 0.92584890
-0.98566669 0.76068151 0.96678114 0.53969318 1.16221440 0.18958060
-0.91519612 0.96280557 1.00233376 1.65486372 1.19380391 0.61771256
-1.29775202 1.08388484 1.29386353 0.45775664 0.43881950 0.77622485
-1.00620341 0.81926829 0.45695925 1.89650714 1.55202687 -0.26966131
-0.91197407 0.52340525 -1.18414080 0.68551236 0.11976738 2.07691622
-0.82821429 0.31835178 0.80679560 0.45081285 0.65678591 0.04291936
-0.36149612 1.34557211 -0.18298428 1.49515688 1.25192821 0.19698772
-0.53948528 0.45212477 0.15476376 0.09251398 -0.32753739 0.51253122
-1.17694509 1.01358080 -0.76320034 0.67301363 0.25686499 1.10806406
0.04119477 -0.10640190 -0.74542403 0.17028427 -0.35912681 0.41771996
0.57476050 -0.02047488 -0.06423929 1.09102917 -0.17464535 0.77770633
0.08146401 0.88469005 -0.64516598 -0.21440095 -0.37997577 0.49179134
-0.14001568 1.41197050 -0.75182337 -0.21578969 0.57275814 1.83840668
-0.43196672 1.37584209 0.33821425 0.69523376 -0.01164427 0.92584890
0.23247311 0.74408209 -0.24769011 0.73967385 0.68332082 1.20880103
-0.44203386 0.69330662 -0.46740383 0.96187484 0.26760519 0.21032047
-0.11988144 1.74396181 -0.34297016 1.06742024 -0.86455560 0.90362734
-0.14001568 0.47751236 -0.56197321 1.10769403 0.57275814 0.91399747
0.75597173 -0.13081312 -0.06423929 0.74800628 0.24107029 0.42808992
0.32307872 0.02248886 -2.05517578 0.48553154 0.52537429 0.03403093
-0.89828318 1.45786333 0.23795654 0.01613243 -0.05902812 1.37175786
-0.41183248 0.98038173 0.18462768 0.73411894 0.20948085 0.32883435
-0.46216884 0.36033893 -0.09979185 0.65218216 -0.69081432 1.03695583
-0.27411181 -0.11909582 -1.15427685 1.48265791 0.43629193 1.88581276
-0.17424481 -0.05855628 0.08010364 0.41053906 1.10977602 1.17769134
-0.43196672 1.16492999 1.29884088 0.27027467 0.51463377 1.13769269
-0.30109188 0.46970078 0.17254005 0.77994800 -0.70155483 1.41323781
-0.78754258 1.32799625 -0.03793036 0.31610358 0.55696309 1.04732585
-1.38513637 0.85442030 -0.18298428 0.13695407 0.94108963 0.61326808
-0.41183248 0.48630032 0.02464180 0.43275902 0.88865125 0.34216729
-1.03600311 0.23925973 0.46904722 1.01464736 0.70985574 1.81766653
-1.34164500 0.45603037 0.59988016 1.46182644 1.24118769 0.40586856
-0.54753852 1.07119131 0.12774350 1.59098101 0.68332082 -0.06374311
-1.36822343 1.30651438 0.29697371 0.76606029 0.92529458 1.34212959
-0.81452340 1.35436022 -0.31310624 0.86882788 1.06239223 1.27842832
-0.80083174 0.28417611 -0.24200146 0.83133185 -0.11715245 0.95251459
-1.22728145 1.93436885 -0.01091077 1.49237919 0.03573958 2.05617642
-1.07305026 0.47653589 -0.26546606 0.45359033 0.86717087 0.77178055
-1.20030141 0.46481845 -0.02299840 1.21879435 -0.45389450 1.91692221
-0.86485976 1.40806472 0.08721429 1.74235559 0.30424884 0.87399888
-1.06942654 1.46860445 -0.27755404 0.93548840 0.30424884 -0.13633299
-0.48592687 0.70307118 0.03175211 1.57153845 0.58855253 0.50067979
-0.78754258 1.36119533 -1.04193115 0.85494065 1.07818723 0.84140778
-0.58297580 0.67768359 0.51597643 0.86327308 0.53042817 -0.21929270
-0.84834927 0.27148232 1.25688899 -0.15468459 -0.31679720 0.51845700
-1.41855931 2.04177809 -0.12965576 0.69801128 0.71490967 1.49027193
-1.69037580 0.43064299 -0.55628490 0.26471940 -0.35407230 0.62660098
-1.39520347 1.62678850 0.00686551 0.56469065 0.90444565 0.86214763
-0.86485976 0.49313539 1.53562021 0.54663682 0.54622322 0.57178813
-0.93533033 1.16395342 0.70013791 0.89104831 1.02006292 0.85622168
-0.91197407 1.23132837 0.82457155 0.13001031 0.62014198 1.10065711
-1.01586890 2.61104536 -0.61530209 1.48265791 0.91518611 -0.00152353
-0.91519612 0.48727682 0.30337301 0.45636764 0.49378484 1.24139237
-0.52257234 1.29186797 0.51668710 0.78133667 0.54116869 0.66067374
-0.62324506 1.18543530 1.12107873 -0.49631828 0.08880939 0.04884499
-0.50243735 0.21289565 -0.28324234 0.74106252 0.60181999 0.80733502
-0.59304291 1.47543943 -0.11756780 1.22990453 0.50957924 1.05473268
-0.78432125 0.50094700 -0.34865883 0.78966910 0.93098056 -0.43854371
0.11166614 0.16993202 -0.45744917 0.48969799 0.36616424 0.59252816
-0.84472477 0.95694709 0.67596263 0.30082723 0.91455472 0.78066915
-0.44203386 1.64436460 -0.27186537 0.11056782 0.73070467 0.69622803
-0.42512092 1.25085700 -0.22422516 0.75078392 0.00415045 0.99843878
-0.20041916 0.95597047 -0.66294229 1.48543561 -0.19043976 0.43401569
-1.01586890 0.87785470 -0.04646300 0.69801140 -0.18033102 1.32287085
-0.99573386 0.78411609 -0.04077468 0.74245149 1.11483061 0.87103605
-0.31800482 0.92081845 0.43918329 0.67995757 1.23613381 -0.24595845
-0.78432125 0.62202615 -0.70418316 1.06742024 -0.67501992 1.67248714
-1.03600311 1.70392764 -0.05783997 0.39248505 0.64667684 0.22365321
-0.85881966 0.37107974 1.26897693 0.92437834 0.57718062 0.08884375
-0.29746813 0.01467728 0.09574660 0.27444097 -0.11715245 0.83103782
-1.15681005 0.58980346 -0.01659909 1.46043813 -0.43810010 0.91251600
-0.87492687 1.89824045 -1.14858854 0.13834289 0.58286655 0.00292096
-0.93210906 0.26562372 0.06019437 0.35637721 -0.41725084 1.01177156
-0.42189962 0.85149097 0.63472140 0.13139912 0.99921393 0.30809450
-1.03600311 1.45981658 0.36239019 0.25360951 -0.26941305 0.95695907
-0.69371569 0.91300696 0.02464180 0.92298955 0.91518611 0.38216588
-0.03249712 0.68354219 0.13769814 0.83688682 0.02563083 1.10658288
-0.37840909 0.66303694 -0.08201557 0.53274941 0.96762449 1.40286791
-1.14070284 2.80535841 0.04881706 0.70773268 0.33583829 1.15102565
-0.31438106 0.11232173 -0.11187948 0.70495504 -0.26941305 0.61919385
-1.46567404 2.06423616 -0.37852272 0.20916940 -0.32753739 0.94658875
-0.63331217 0.83586782 -0.84639275 0.89799190 -0.70660907 1.35990632
-1.01586890 0.73431736 -0.25977772 0.97298491 0.54116869 0.68733943
-0.51250523 1.37388933 0.41003004 0.68551254 0.38322213 1.34657371
-0.54794174 0.13087423 -0.20218222 0.52997196 0.66183984 0.47549543
-0.50243735 0.69233036 0.02464180 1.56181729 0.57275814 0.80140918
-0.58297580 -0.18842337 0.77764237 1.16324413 0.12545335 0.39105448
-0.92526323 1.75763226 0.13129917 0.53136063 1.03585732 0.04736367
-0.60311007 0.47360653 0.57570422 1.37711251 0.93603510 1.04584432
-0.21048704 0.95987624 0.27350876 0.86327320 -0.42735961 0.87844336
-0.54270655 0.16797915 -0.55628490 0.77855903 -0.10641226 0.67696947
-0.41867754 0.36815038 0.42140734 0.83272052 0.22527556 1.19546819
-0.90512824 0.93448859 -0.34297016 -0.02969665 0.07806920 0.79252076
-0.79438841 0.58394486 0.29697371 1.26601219 -0.04260226 1.38805342
-1.20030141 0.10743950 -0.24200146 0.79939049 0.34657818 0.62660098
-1.03600311 1.58870709 -0.08201557 1.52570951 0.67258036 0.84733355
-0.71385068 -0.00582822 1.04926288 0.56469065 0.15198825 1.21324539
-0.29102477 1.55648434 1.50006759 0.71467626 0.19368614 0.10958361
-0.93533033 0.53512263 -0.01091077 1.34517097 -0.13800140 1.21917105
-0.39169750 0.63960230 0.14338680 1.81734824 0.85706180 0.81326079
-0.29102477 0.70990628 0.41927403 0.81188923 1.00805891 1.26657653
-0.20041916 1.18445861 0.92554063 0.39526254 0.65173137 1.28879821
-0.77425414 1.11024904 1.19218385 0.41748267 0.53548270 0.60141683
-1.01747870 0.78802192 -0.49086842 0.00363363 0.65489042 0.33920449
-1.41855931 2.41380334 -0.12965576 0.67440248 -0.37997577 0.06662222
-1.13667583 1.24304557 -0.40198734 0.83410919 -0.53286779 0.85918462
-0.05947796 0.70697701 -0.18867294 0.79939049 -0.31174266 0.54808545
-1.22728145 0.94815904 0.71791452 0.10917899 -0.78558236 1.54952896
-0.83465761 2.23901963 0.00828751 0.34804481 0.96446550 0.40586856
-1.11331952 0.84465587 0.13698748 0.41887149 0.96762449 -0.04300325
-0.57975453 1.54183781 -0.14743172 0.94382113 0.50957924 1.18065429
-0.94539750 1.09169638 0.25004417 1.50487804 0.11471286 1.40434921
-0.74405205 0.77142245 -0.65014333 0.87854940 0.68332082 0.67845082
-0.85157061 1.87773490 -0.76320034 1.00492609 -0.43810010 2.24579835
-0.25075552 0.12501565 0.17893936 0.30777100 0.41607505 1.25028086
-0.50888067 0.45310125 0.40931937 0.32304719 0.91518611 0.38364735
-0.62324506 1.28112674 -0.18867294 1.32989490 0.20442663 1.21768951
-0.86163771 1.41197050 -0.41976362 1.08547390 -0.59604663 1.47990203
-0.84673864 0.13185062 0.53873038 0.31332612 0.39901653 1.78803837
-0.75411916 1.43931103 -0.41407496 1.66041863 0.10397267 1.20435679
-0.42874545 0.53707552 -0.35719147 1.19379675 1.01374424 0.57919544
-0.52257234 1.33287859 0.86012411 1.28406608 0.50452471 1.46064317
-0.62646633 0.75872874 0.91914129 1.61459005 0.28845412 1.07991695
-0.71385068 0.71967071 1.15663123 0.87577194 0.24107029 1.25768852
-0.49921605 0.41111401 0.18462768 1.19379687 0.35668722 2.01321507
-1.26432860 1.06045020 -0.52642101 0.71189880 0.09891845 1.24583673
-0.68686986 1.53207314 -0.00451146 0.37720886 -0.32753739 0.15847063
-0.96553248 0.92081845 -0.70418316 1.72985637 -0.09061754 1.34657371
-0.67035937 0.61421472 -0.12325645 1.66319633 0.88865125 0.56734401
-0.63331217 0.75482291 0.16614074 0.19944817 -0.25361863 0.56438106
-1.06620526 0.88469005 0.08365896 2.10482025 0.30424884 1.54656625
-0.76096499 1.50961518 0.75986570 1.46321547 0.05090285 1.70507860
-0.83143634 1.06826174 -0.09979185 1.37433505 1.20959890 -0.38373107
-0.84150344 1.27429163 -0.49086842 1.34100485 0.55190915 0.38512868
-0.79438841 0.96085280 -0.03437537 0.59802085 -0.23782392 0.10662062
-0.30431396 1.29382074 0.36807817 1.18546438 1.24118769 0.34809309
-0.97559959 1.46469867 0.17254005 0.50497419 0.23601575 1.53915894
-1.69037580 1.20496392 -0.67431927 1.72152376 0.30424884 1.68582010
-0.47223598 0.40525529 -0.21213754 0.26333076 0.42555144 0.70215368
-0.62646633 0.18555517 -0.11187948 0.81466651 1.14136553 1.05917704
-1.39842474 0.91984206 0.22018024 0.83272052 0.87285620 0.53030843
-1.20714641 1.38853586 0.30906099 1.11186028 1.34669590 0.64734101
-0.24068840 0.34276277 0.70013791 1.26740086 0.50957924 1.07991695
-0.30793771 1.11806059 -0.69209552 0.75078392 1.07818723 -0.13040727
-0.24713175 1.07509685 -0.14103274 0.74245137 1.31005251 0.56734401
-0.56284159 0.00491272 -0.31310624 2.00760770 0.20948085 1.34657371
-0.46539015 0.67866009 0.36239019 1.22990453 0.81473249 0.26365179
-0.42189962 0.51266432 -0.41976362 0.36193252 0.36237317 1.28287232
-0.49559227 0.15235600 -0.81652886 0.74106270 0.59929299 0.21624626
-0.23384258 0.02541810 -0.36003578 1.31600726 0.24612451 1.47545767
-1.04607022 1.31627882 0.11352288 0.58135581 0.02499939 0.50512409
-1.49587619 1.10634315 0.33323693 1.20768428 0.01425920 0.90362751
-1.40486813 1.86406469 -0.37425640 1.12852526 -0.11967972 0.84140778
-0.73398489 1.37193632 -0.14103274 0.94798714 -0.75399321 0.68585795
0.38348219 0.31151670 0.27919742 0.78272533 0.59929299 0.29772457
-0.66351432 1.14540088 -0.12325645 0.68967867 1.17295492 0.14069359
-0.75411916 0.92081869 -0.14103274 0.64523858 0.98910487 0.67252517
-0.94539750 1.00674570 0.68236196 0.62162960 0.24107029 1.39990520
-0.42713478 0.34178641 -0.71058214 1.58403707 0.16525601 0.72437501
-0.77062964 0.45407763 -0.08201557 0.57441187 0.25181046 1.61323023
-1.14674294 1.27136254 -0.22422516 1.57292712 -0.08556302 0.37031427
-0.88499397 0.99698126 -0.27755404 1.23545945 0.41481155 -0.04448457
-1.13345456 0.56832182 -0.24200146 0.77439272 0.25117904 0.03551225
-0.38847619 0.31542230 -0.11756780 0.94243199 0.67826629 1.22065246
-0.99573386 1.41294682 0.73569047 1.10630512 0.48304436 1.03399324
-1.14674294 1.62190616 0.98455775 0.91187948 0.55190915 0.44290432
-0.38847619 0.65815485 0.56361693 0.13417660 0.11471286 1.13176692
-1.22728145 0.57613331 -0.34297016 0.92437834 0.58855253 1.08436143
-1.09318531 1.27917397 0.14907545 1.83540201 0.45145491 0.59697253
-0.65344644 0.92960674 -0.34865883 1.19518566 1.80979562 0.27105892
-1.20714641 1.04775643 -0.53779793 1.07853031 0.97267902 0.95695871
-0.79438841 1.52621496 0.13129917 0.31749225 0.84126741 -0.08300166
-1.17694509 0.97452301 -0.08201557 1.19101942 -0.20623448 1.90951526
-1.13345456 0.69818896 -1.15427685 0.38415262 -0.00090408 0.00884658
-0.27411181 1.10146081 0.11921153 0.76050520 0.14630228 0.40586856
-0.80445552 1.34850168 -1.08317208 1.01881385 -0.06913717 0.38364735
-1.35493422 1.32994902 0.03672943 0.80911171 -0.27004448 1.64730299
-0.70378280 1.42954659 0.46335855 1.13408041 0.01994516 0.47105131
-1.03922439 1.29772651 -0.54419726 0.62996221 0.63593638 0.75992930
-0.42834297 1.15321255 0.59348089 0.73272991 0.08312373 1.54360330
-0.43196672 0.96280581 0.41571870 0.81050038 0.44640100 1.64582169
-1.40849221 0.45017177 0.55152899 1.09797275 1.26772261 -0.30521548
-0.96190792 0.34959799 -0.05783997 1.51737702 0.05722026 0.86214763
-0.88499397 0.44626617 -0.40767598 1.16602182 0.80462343 0.68437660
-0.92526323 1.07607317 0.26782045 0.18278298 -0.05902812 2.12284064
-0.37156326 1.40415907 0.59348089 1.24656975 -0.37492123 0.70511663
-0.84110099 1.37877142 0.96678114 0.87299430 0.48304436 0.74215221
-0.49237022 1.81914830 -0.25977772 1.52709818 1.67838407 -0.07263172
-1.06620526 1.19129395 0.64112073 0.04807389 0.35668722 0.46808830
-0.50243735 0.29882288 0.52237570 0.63135105 -0.57519740 1.39546061
-0.51250523 0.00393634 0.04241808 1.22990441 1.29931200 0.37327725
-0.83465761 0.42087856 -0.23631279 0.65495980 0.21958961 0.94362611
-1.36822343 0.03225319 0.29697371 0.14806414 0.25181046 0.92436743
-0.88499397 0.96378219 -0.02868672 0.26055327 -0.16959083 1.21176374
-1.01586890 1.46079266 -0.68000758 1.05075502 0.04395281 -0.30077109
-0.65022510 0.66694278 -0.71840376 0.33137977 0.48873031 0.70067215
-0.21048704 0.72552955 -0.05215166 0.99798214 0.74649906 0.44290432
-0.87492687 0.44821903 -0.54988557 1.93678081 0.41481155 1.67396843
-0.89506114 0.93839461 0.11352288 0.79800165 0.08817795 0.19846904
-0.27089053 0.55660450 0.12561052 0.96465230 0.95182949 1.18213546
-0.86485976 1.49789774 0.16685140 0.52441698 -0.40145615 2.05173206
-0.58297580 0.59273297 -0.33657119 1.27017832 -1.30680621 0.91103482
-0.58297580 0.97842896 -0.44749454 1.38822258 -0.39640191 0.34216729
-1.14674294 0.65815485 0.47829053 0.29943842 0.44008297 0.03995673
-1.01224434 0.38767937 -0.33657119 0.98548347 1.22033870 1.09473145
-1.35815549 1.26745653 -0.20076057 0.27999592 0.82547235 1.33027804
-0.57612997 1.08095551 0.27350876 0.20222548 0.83052689 1.81618559
-0.16337198 0.79192770 1.29884088 0.42164895 0.78314304 0.74067074
-1.00580096 1.46176910 0.11921153 0.77855915 0.71490967 0.72881931
-0.77425414 1.45102823 -0.24200146 1.49099052 0.90444565 0.92733037
-0.58297580 0.84660888 -0.12965576 0.62718475 0.30424884 2.35394287
-1.22043562 0.88371366 0.15476376 1.02020240 0.45145491 1.31398213
-0.60109693 0.93351227 -0.06423929 1.06325412 0.32004327 1.02954853
-1.03600311 0.90031320 0.29128504 -0.00053267 0.01994516 1.01177156
-1.45882857 1.31920815 -0.01091077 0.98131734 0.38827664 0.85770351
-0.77747542 0.26952931 -0.37852272 0.23972195 0.36237317 0.66659957
-0.89506114 1.44224024 0.19671531 0.53969318 0.04648007 1.05177009
-0.56284159 0.48727670 -0.78097659 1.56459451 0.32004327 0.52586412
-0.41183248 0.72943527 -0.02868672 1.25212467 -0.05902812 1.95543969
-1.04929221 1.05068552 -0.64516598 1.15352285 -0.48548394 0.75252217
-0.90512824 1.03603899 0.64112073 1.31600726 0.71490967 1.62360048
-0.97237754 1.35143101 0.29128504 0.57857817 0.20442663 0.86955494
-1.36137760 1.46079266 0.20240396 0.30360487 -0.22202919 1.61767447
-1.29775202 1.15711832 0.54015237 0.82161045 0.55696309 1.65174758
-1.14674294 1.07314408 0.67667329 0.90354687 1.32584691 0.46660700
-0.81532836 1.16297698 -0.82861644 1.01325858 1.14768350 0.31105733
-1.10647368 0.54098123 0.74777842 0.79105788 1.20454431 0.12884216
-0.65707093 1.00283992 0.26710978 1.84373426 0.94045758 1.65322864
-1.12338662 0.98428744 1.02579832 0.45359033 0.40975702 1.82359219
-1.14875686 1.56136656 0.64680940 0.53413826 0.01046815 0.46512550
-1.01586890 0.89445448 0.78333032 1.44932759 0.37248164 0.82214904
-1.22043562 0.99600488 -0.30741793 0.92576718 0.05153430 1.28583527
-0.69371569 1.39537120 -0.36643511 1.56598318 -0.11715245 1.30064952
-1.25748277 0.68354219 -0.54419726 0.53691554 -0.21697468 0.52734560
0.19904968 -0.34465465 -0.47309214 -0.24495359 0.88296527 0.09032506
1.53799725 -0.90122855 -0.77528793 -1.02404523 1.31005251 -1.10814798
1.53799725 -0.90122855 -1.25524592 -1.27263248 1.51475143 -1.11851788
1.51101720 -0.89146411 -1.32635069 -1.20319474 1.70175993 -1.17629349
1.50094926 -0.95395654 -0.95305014 -1.10181558 0.92529458 -1.01629949
1.51786220 -0.83678317 -0.52073234 -0.98516011 0.03573958 -0.61631483
1.53719151 -0.92368680 -0.24200146 -0.85461706 0.82989484 -0.81927001
1.54444063 -0.91489881 -0.29532996 -0.68935525 1.12557101 -0.76149452
1.65195835 -0.98910868 -1.33772731 -0.77684677 -0.80137706 0.08736225
1.56135356 -0.95395654 -0.21711485 -0.71713030 1.50590587 -0.83556569
1.38698816 -1.00570822 -0.73973536 -0.07691421 0.23033009 -0.42521089
1.58148777 -0.95395654 0.04241808 -0.28383872 0.68332082 -0.20299706
1.47074795 -0.84947693 -1.29648685 0.32443619 0.68332082 -0.66520178
1.47074795 -0.94712150 -2.23293781 -0.44493425 0.51463377 -0.77630872
1.43047869 -0.81530136 -0.13534409 -0.60186362 1.44651866 -1.05185378
1.40027654 -0.92856902 -1.21969342 -0.22412227 0.47798982 -1.10074079
1.36000812 -0.92856902 -2.52304578 -0.57964361 0.57275814 -0.64446193
1.24242246 -1.09651756 -1.01064491 -0.91711116 1.06744671 -1.16592348
1.39020944 -0.86217070 -1.52188921 -0.55881226 1.18874931 -0.94074696
1.47759378 -0.85533559 -1.81839633 -0.95738494 1.38902581 -0.94519114
1.36000812 -0.91392231 -2.83732915 -0.11718810 1.44146419 -0.96593112
1.38014233 -0.96372110 -1.69965136 -0.88933599 0.69911522 -1.07111239
1.41034448 -1.05843627 -1.10734773 -0.75184923 1.16221440 -0.96148688
1.44739163 -1.00570822 -1.38536787 -0.49354079 1.01500833 -0.76593870
1.51101720 -0.89146411 -1.56952906 0.21194689 0.50957924 -1.01037395
1.51101720 -0.91196942 -3.71405196 -0.71990788 0.26760519 -1.03703952
1.30282593 -1.04769540 -2.99162626 -0.23245479 0.69406074 -0.75705022
1.45061290 -0.95005077 -1.45078409 -0.69768775 0.22527556 -0.33188125
1.61853492 -0.90122855 -1.17205322 -0.71713030 0.10965863 -0.57335335
1.48564696 -0.88267606 -1.80773067 -0.57408857 0.90444565 -0.59705621
1.68216050 -0.91880459 -0.54988557 -0.53381479 0.18863191 -0.74519879
1.46390212 -0.88951117 -1.30288577 -0.60602993 0.99415940 -0.80741864
1.72242975 -0.90513426 -1.14858854 -0.24634241 -0.10641226 -0.76445723
1.64189124 -0.91880459 -1.25524592 -0.34772149 1.01500833 -0.86223137
1.64189124 -1.00277889 -0.65085429 -0.72962916 0.18863191 -0.68446034
1.54121852 -1.00277889 -1.78853238 -0.78795683 0.96762449 -0.87111986
1.70229471 -1.00863755 -1.38607860 -0.30050382 1.54128635 -1.11555505
1.53437269 -0.90806365 -1.48633659 -0.94627500 0.88359672 -1.37184155
1.62860286 -0.95688593 -1.69325209 -1.14208949 1.02574885 -1.08444512
1.60484409 -0.99887311 -1.57521772 -0.57408857 0.66752583 -0.92445117
1.57142067 -0.89634633 -0.83430511 -0.33383393 0.09891845 -0.86074984
1.40671992 -0.89048761 -2.27417874 -0.56575608 0.51463377 -1.01629949
1.26255667 -0.96372110 -0.83430511 -0.82128704 0.46219540 -0.87556416
1.02456653 -0.84361827 -1.67618644 -0.97682762 0.45650944 -0.92148840
1.23920035 -1.10042346 -2.13267946 -0.87961477 0.69911522 -1.07259381
1.25933540 -1.10042346 -1.87101388 -0.55464602 1.03080273 -0.90074837
1.42725742 -0.90122855 -2.60979342 -0.59908617 1.38270783 -0.95407969
0.98751855 -0.80651337 -2.46402860 0.22166812 0.03005391 -0.04892888
0.75597173 -0.90318143 -2.35737109 -0.27550614 -0.42230538 0.04143805
1.23597908 -0.63465899 -3.20423007 -0.31161380 -2.12307382 -0.71705168
1.66323364 -0.96665037 -2.44625235 -0.98238254 -2.12812805 -0.68742323
1.30967176 -0.94028634 -2.68303156 -0.69768786 -2.47561073 -0.73779166
1.25047565 -1.05745983 -3.43034387 -0.41993681 -1.48307443 -0.99259675
1.29275882 -0.95688593 -3.47727299 -0.52687085 -4.12899542 -0.89926696
1.29638255 -0.96372110 -3.77378011 -0.40188298 -4.62368393 -1.56887114
1.25933540 -1.01644909 -3.36990476 -0.69629902 -4.75004101 -1.56887114
1.25933540 -1.01644909 -2.95607424 -1.16847587 -4.68686247 -1.56887114
1.33987308 -0.91099298 -4.38385963 -0.76295924 -3.15983486 -0.63557327
1.30967176 -0.92173386 -4.94701052 -1.01987910 -1.80718076 -0.52742922
0.36012590 -0.51650912 -0.46740383 0.57302326 -0.72808975 -0.11411162
-0.33813983 -0.44034633 -0.43114060 -0.05052787 -0.51707339 -0.19707143
0.18213674 -0.85240626 -1.09525967 -1.21291590 -0.97511834 -0.97185683
0.18817686 -0.77819639 -0.21213754 -0.92405492 -1.05725026 -1.00296676
0.39354932 -0.73718578 -0.24769011 -0.90738982 -0.99091303 -1.31258464
0.52442414 -0.89829922 -0.06423929 -1.33234894 -1.30680621 -1.03852093
0.51435703 -0.86607653 -0.11756780 -1.20319474 -0.97511834 -1.07555652
0.60496265 -1.09358835 -0.08201557 -1.27263248 -1.52793133 -0.93926543
0.62509686 -1.14241052 -0.06423929 -1.33234894 -1.72820747 -1.26666045
0.62509686 -1.14241052 -0.49086842 -1.04487658 -2.03841472 -0.99852246
0.62509686 -1.14241052 -0.72764778 -0.91711116 -2.38589692 -0.80297428
0.62509686 -1.14241052 -0.93527383 -0.93655366 -2.10727906 -0.99111533
0.62509686 -1.05062473 -0.50864470 -1.14208949 -3.00757456 -1.09333372
0.62509686 -1.14241052 -0.08770388 -1.16847587 -2.04915476 -1.17333066
1.00443149 -0.88658190 -0.47878078 -1.03376663 -1.37503898 -0.71408880
0.72576964 -0.89829922 -0.60961342 -0.93238735 -1.61195874 -1.03407669
0.76966262 -0.84068888 -0.81084055 -0.90461230 -2.22289610 -0.80445582
0.72576964 -0.87291157 -0.95305014 -1.21291590 -1.27521670 -1.13036931
0.65529901 -1.05160105 -1.13081229 -1.33234894 -1.17539454 -1.09185219
0.64845318 -1.05453038 -1.13650095 -1.20736098 -1.78064585 -1.18073773
0.67543322 -0.96762681 -0.59752578 -0.91294485 -2.38084269 -1.06074226
0.68550038 -0.96665037 -0.59752578 -0.83934087 -2.58617306 -0.83704716
0.64523113 -1.05843627 -0.47309214 -0.86989343 -2.23869085 -1.04000235
0.70241332 -0.95688593 -0.43753991 -1.08931673 -3.03916383 -0.65927613
0.66536611 -1.00961399 -0.36074644 -1.02265656 -2.66514635 -0.85926855
0.69556749 -0.91880453 -0.09979185 -1.26291120 -2.97093105 -0.72890306
0.67543322 -1.00277889 -0.52642101 -0.94210875 -2.49645948 -0.85186136
0.13502243 -0.72742122 -1.77075613 -0.74212795 -2.60196781 -0.38669389
-0.05947796 -0.94516855 -0.81084055 0.15917437 -2.05420923 -0.82223284
-0.04256501 -0.80163115 0.35599086 -0.51714957 0.11976738 -0.37336105
0.52442414 -0.98910868 -0.20644888 -0.85322839 -0.23276938 -1.02074385
0.65529901 -1.00277889 0.13129917 -0.91433352 -0.23276938 -0.94963545
0.77288467 -0.87584096 0.03033045 -1.07820666 0.07238354 -1.22962487
0.83006608 -0.81334841 0.15476376 -1.01710153 0.12545335 -1.00741112
0.80308604 -0.86900586 0.01255417 -1.08653927 0.12482191 -1.15851641
0.89328915 -0.83971250 -0.12965576 -1.01710153 0.20948085 -1.16444206
0.94724929 -0.87291157 -0.18867294 -1.08931673 0.37248164 -0.98667103
1.05718493 -0.81530136 -0.13534409 -1.21291590 0.47293589 -1.13333213
0.94402802 -0.86900586 -0.08201557 -1.27263248 0.20948085 -1.02222526
0.15193538 -0.73620927 -1.36190295 -0.56853354 -0.34333211 -0.88297141
0.35650212 -0.88365251 -1.18414080 -0.92266613 -0.19043976 -0.88148999
1.17557561 -0.99887311 0.03033045 -1.07820678 0.56770360 -0.93482125
0.86671156 -0.88658184 0.10783423 -0.96432871 0.78946042 -1.10518503
0.89006788 -0.84361827 0.13129917 -1.14764452 0.90444565 -1.25036466
0.85986573 -0.83678317 0.48682317 -0.99904764 0.76229411 -1.25925326
0.93396091 -0.90122855 0.63472140 -0.91016734 0.92024064 -1.35702741
0.77610600 -0.94321567 0.57570422 -1.00043643 0.46724993 -1.01481807
0.75919300 -0.99887311 0.36239019 -0.98932636 -0.16959083 -1.02074385
0.78617311 -0.87779385 0.18462768 -1.07404041 0.06732901 -1.27999330
0.90698081 -0.77331418 -0.40838665 -0.76295924 0.04142554 -0.87556410
0.76926017 -0.87486452 -0.52642101 -0.86017221 0.46724993 -0.96889389
0.64523113 -1.05843627 -0.43753991 -1.04904282 -0.58025193 -0.81334430
0.70563537 -0.94712150 0.02464180 -1.21708226 -0.89614505 -1.24888337
0.73905879 -0.86998230 0.62903345 -1.03376663 -0.32753739 -0.74223596
0.68550038 -0.96079171 0.02464180 -0.78101307 -0.64343047 -0.72001439
0.75597173 -0.81725425 -0.29532996 -0.71851915 -0.16959083 -0.65927607
0.77288467 -0.86021781 -1.18414080 -0.89350224 -0.17464535 -0.90667409
0.85664445 -0.83483028 -0.20644888 -1.06709659 -1.04903710 -0.95704257
0.83650947 -0.80944270 -0.70418316 -0.74490541 -1.14380503 -0.81630713
0.87355739 -0.82408935 -0.72195941 -0.96294010 -0.84876090 -1.18518209
0.87677872 -0.79674894 -0.40198734 -1.06431913 -0.91193974 -0.94963539
0.91382587 -0.83678317 -0.04646300 -1.27263248 -0.76978761 -1.04000235
0.91704792 -0.87388808 -0.24200146 -0.95321876 -1.82802963 -0.73482877
0.68550038 -0.78893733 -1.01277792 -0.96571755 -0.83802074 -0.75556880
0.03434971 -0.74499726 -2.14974499 -0.85322839 -0.02743899 -0.95407969
-0.55277371 -1.05160105 -3.10468340 -0.65741390 -0.24856411 -0.91259986
-0.02927583 -0.77136129 -2.50526953 -0.89072472 -0.22771516 -0.74668014
0.63838607 -1.09651756 -0.42545226 -0.94210875 -1.52793133 -0.79408580
0.74912590 -0.86900586 -0.70418316 -0.55603474 -1.65428841 -0.11114890
0.84979862 -0.88755828 0.17893936 -0.94349742 -0.02743899 -1.02666950
0.85664445 -0.84068888 -0.06423929 -1.08792806 -0.43810010 -0.75408727
1.01772070 -0.86607653 -0.40198734 -1.15181077 -0.16959083 -0.97926396
1.14859474 -0.95298016 -1.30857444 -1.12125814 -0.66996539 -0.85482424
1.19893110 -1.01644909 -0.67431927 -0.94766372 -0.24856411 -1.05777943
1.12846053 -0.90415788 -0.28324234 -0.35188776 -1.16970849 0.49623546
1.17879689 -1.00277889 -1.02415490 -0.85183960 -0.31174266 -0.87111986
1.14859474 -0.94712150 -1.17774177 -0.18662587 -0.42230538 -0.74519879
1.07812417 -0.89048761 -0.57974952 -0.58380991 -0.79063684 -0.44150662
1.09825838 -0.90513426 -0.80515188 -1.03237772 -0.39577046 -0.78223437
1.13530636 -0.90122855 -0.57974952 -1.03515530 -0.41725084 -0.99111533
1.18564272 -0.97055614 -0.78737557 -1.02265656 -0.67501992 -0.83852857
1.15866268 -0.95395654 -0.94736147 -1.01710153 -0.39071596 -1.03259528
1.21906614 -1.10042346 -0.70205015 -0.68935531 -1.16465402 -0.43409950
1.10832632 -0.87779385 -2.94967484 0.21750183 -0.67501992 -0.37484238
1.18886399 -1.00961399 -2.04948711 -0.79767817 0.49378484 -0.89482266
1.14537346 -0.90806365 -3.48296142 -0.57131112 -1.24362731 -0.91556269
1.08617818 -0.88658184 -3.67281103 -0.46993202 -0.56256199 -0.97630113
1.12161469 -0.90122855 -3.10397243 -0.59769744 -1.41736853 -0.86815709
1.09825838 -0.84068888 -1.78853238 -0.75046051 -2.81235266 -0.98667103
1.13530636 -0.90122855 -1.33203900 -1.13236821 -2.23869085 -1.02370667
1.17195106 -0.97055614 0.41003004 -0.29633760 -2.09653902 -0.61927766
1.22913325 -1.14241052 0.80679560 -0.52964836 -3.63936090 -1.22518051
1.17879689 -1.00277889 -2.04095435 -0.49631837 -0.87719131 -0.72890306
1.14859474 -0.91782808 -2.10281563 -1.12820184 -0.58593762 -0.86074984
1.00443149 -0.82018358 -0.33088255 -0.27272865 -0.61689562 -0.01041196
0.94926316 -0.89634633 -2.11419296 0.70912129 -0.31616515 -0.20595987
0.96053851 -0.92466325 -2.62401438 -0.43243560 -0.69081432 -0.50668931
1.03785491 -0.83483028 -1.64632249 -0.51437211 0.23601575 -0.70223737
0.90375876 -0.78405511 -1.79422081 -0.90322363 -0.92773420 -0.24003273
0.05126266 -0.66199946 -1.10094833 -0.83100832 0.77808851 -1.05333519
-0.26082340 -0.73132706 0.19671531 -0.87128216 -0.10641226 -0.75853151
-0.31115976 -0.67078745 0.99664503 -1.20736098 -0.35912681 -0.96000540
-0.18028492 -0.65418786 0.89567667 -1.07404041 -0.09061754 -1.02370667
0.32630000 -0.91782808 0.45695925 -0.89072472 0.15641104 -1.06370509
1.20899904 -0.89146405 -0.95305014 -1.05182040 1.58361566 -1.21184766
1.29960382 -0.84850049 -1.13081229 -1.02265656 1.22033870 -1.30814028
0.40361720 -0.63368249 -0.57974952 -1.03515530 0.30930337 -0.96296823
0.28321269 -0.79674894 0.02961912 -0.79906690 0.56770360 -1.02666950
0.36656925 -0.86900586 -0.70418316 -0.80462188 0.55696309 -0.87704557
0.69556749 -0.88951117 -0.27755404 -1.14347827 0.06732901 -0.81926996
0.81637520 -0.85142982 -1.13081229 -0.97821635 0.95182949 -1.43109858
0.76603884 -1.00961399 -2.43416452 -0.90877855 0.86780226 -1.36147165
1.03584182 -0.85045338 -1.46856034 -1.15319943 0.88865125 -1.37628591
1.07127833 -0.88267606 -0.49086842 -1.09209430 0.41481155 -0.85334283
1.12000406 -0.92075747 -0.06423929 -1.21291590 0.35100126 -1.13333213
1.16872978 -1.00180233 -0.15312037 -1.27263248 -0.18538554 -1.02370667
1.21906614 -1.10042346 -0.72195941 -0.81156570 0.32004327 -0.85778713
1.17879689 -1.03597808 -0.49655709 -0.89766848 0.07301497 -0.90815556
0.59207594 -0.82897162 0.22018024 -1.04487658 0.05722026 -0.80593723
1.03463364 -0.92466325 0.27350876 -0.64074880 -0.05902812 -0.82371438
0.94724929 -0.98422635 -1.84754956 -0.66019142 -0.35849538 -1.21629190
0.68872243 -0.92173386 -1.29648685 -0.99765891 1.03080273 -1.14073932
0.90698081 -0.94028634 -1.30857444 -0.98932636 0.52031976 -0.86223137
1.03463364 -0.89439338 -0.81084055 -0.79767811 0.64099091 -0.93482125
1.07127833 -0.88267606 -0.63876665 -0.81017697 0.54116869 -0.94963539
1.11517131 -0.88072318 -0.34865883 -0.97127259 0.70922428 -1.09333372
0.96053851 -0.91880459 -1.18414080 -1.20319474 0.81536394 -1.10814798
1.09825838 -0.95395654 -1.13081229 -1.33234894 0.14630228 -1.07851946
1.12161469 -0.90122855 -1.33203900 -1.19763970 -0.26941305 -0.93482125
1.13490391 -0.95298016 -1.99046981 -0.88655841 -0.05397389 -0.91556269
1.15866268 -0.95395654 -2.05517578 -0.72824037 0.16209701 -0.70816314
1.15544057 -0.92466325 -2.17960906 -0.12274312 -0.58025193 -0.98963386
1.18201816 -1.01254332 -2.97953868 -0.74907172 -0.05902812 -0.72297740
1.12846053 -0.89829922 -3.35923862 0.11890024 0.13050757 -1.02815092
1.14537346 -0.90806365 -2.61832595 -0.34494382 0.30424884 -0.92741412
1.22913325 -1.14241052 -2.32181883 -0.86989343 -0.61184108 -0.97333825
1.16872978 -0.96079171 -4.04611158 -0.57964361 -0.26435882 -1.08592653
1.19570982 -1.01254332 -2.28626633 -0.87683719 0.01489064 -0.98074543
0.58482766 -0.76159686 -0.54988557 -0.18107083 -0.13800140 -0.28595695
0.56147134 -0.88560539 -0.49655709 -0.84628463 1.09398162 -1.03555810
0.26267523 -0.63465899 0.41571870 -0.58380991 -0.28015354 0.09476919
0.93718219 -0.84850049 -0.80515188 -1.03932154 -0.27446756 -0.96593118
1.17879689 -0.91001654 -0.68071818 -1.07681799 0.73070467 -0.92445111
1.22913325 -1.14241052 -0.20644888 -1.14347827 0.88865125 -1.30369604
1.11839342 -0.94614506 0.17893936 -1.03237772 -0.65417069 -0.67705327
1.25933540 -0.95981520 0.27350876 -1.05459785 -0.00090408 -1.08740795
1.28953671 -0.96079171 0.09574660 -1.08931673 1.04659784 -1.30369604
1.26940250 -0.97446197 0.04241808 -0.92683238 0.19368614 -0.92889553
1.24926746 -1.05843627 0.13698748 -0.90183479 0.07806920 -1.00592959
1.29598010 -0.95298016 0.04241808 -1.03793275 0.48873031 -1.18962634
1.31973886 -0.90513426 0.27350876 -1.08376181 0.05153430 -1.21629190
1.29275882 -0.95688593 0.08365896 -1.13792312 0.64667684 -1.18666339
1.25933540 -1.05160105 0.34461355 -1.06431913 1.07818723 -0.97481960
1.31289303 -0.91392231 -0.27186537 -0.92405492 1.13062561 -1.08444512
1.27946961 -0.96762681 -0.17089665 -1.09348309 0.76229411 -0.89037842
1.25933540 -1.05160105 0.70013791 -0.86850458 1.66258895 -1.03111386
1.30967176 -0.91196942 -0.08201557 -0.79212314 1.69417846 -1.16444206
1.41718948 -0.96372110 0.06019437 -1.07265174 1.25192821 -1.31999171
1.46068084 -0.92856902 0.04241808 -1.11431432 1.23613381 -1.19703341
1.41034448 -0.80358398 0.04810640 -1.08792806 1.03080273 -1.29332614
1.41034448 -0.92173386 -0.01091077 -1.20319474 1.05165231 -1.22369909
1.47074795 -0.80846620 -0.06423929 -1.21291590 1.00426781 -1.25629056
1.50417137 -0.91489881 0.22018024 -0.95321876 1.09903622 -1.21777344
1.07127833 -0.88267606 -0.17089665 -0.44771188 -0.32753739 -0.30373409
0.14508955 -0.84752405 0.75915504 -0.83239710 -2.37515640 -0.56890923
0.49422204 -0.88755828 -1.03624249 -0.77129185 -1.04335141 -0.94815397
0.90698081 -0.97543836 -0.29532996 -1.27263248 0.10965863 -0.82223296
1.12846053 -0.90415788 -0.04646300 -1.27263248 1.00426781 -1.30665898
1.22913325 -1.14241052 0.10143525 -1.10320425 0.95182949 -1.43109858
1.22913325 -1.14241052 0.10641257 -1.12542439 0.65173137 -1.07407522
1.03785491 -0.93247473 -0.05855063 -0.86294967 -0.39071596 -1.02815092
0.89691293 -0.83092445 -0.25977772 -1.05459785 -0.62763578 -1.00148535
0.87033534 -0.87974674 0.07228199 -1.10875928 -0.80643159 -1.19110775
0.88604087 -0.88365251 -0.48162442 -0.97682762 0.73575920 -0.85482424
0.73583674 -0.89341700 -0.14103274 -0.70463163 -0.77484214 -0.66223896
0.66858745 -1.01547265 -0.20004991 -0.35466525 -2.07505798 0.37475857
1.20899904 -1.09358835 -0.72764778 -0.72546291 1.71502733 -1.18518209
1.22913325 -1.14241052 0.59348089 -1.13375688 1.33595598 -1.24443913
1.32296014 -0.87584096 1.00233376 -1.33234894 1.70997345 -1.15259063
1.33987308 -0.90513426 0.73000181 -1.07820666 1.76809716 -1.27703035
1.36000812 -0.91489881 0.74777842 -1.10875940 1.76809716 -1.22221768
1.33302724 -0.90806365 0.69373858 -1.06293046 1.73082244 -1.23406911
1.32980597 -0.89829922 0.80110693 -1.07820666 1.77315176 -1.24443913
1.36363184 -0.85533559 0.73569047 -1.13375688 1.79463208 -1.29184461
1.38014233 -0.84850049 0.67667329 -1.03237772 1.86792004 -1.37776732
1.32980597 -0.89829922 0.73569047 -1.08376181 1.58361566 -0.83260280
1.31651676 -0.91489875 0.86012411 -1.21291590 1.59435618 -0.98370826
1.32296014 -0.90122855 0.64112073 -1.20736098 1.61520517 -0.93630260
1.34994018 -0.87291157 0.69444925 -1.00876904 1.70997345 -1.20444059
1.35678601 -0.90415788 0.91345263 -1.20319474 1.70491898 -1.42517292
1.34792709 -0.90513426 0.67809594 -0.97960508 1.23487031 -1.09185219
1.34994018 -0.91196942 0.57570422 -1.09348309 1.29931200 -1.14370215
0.55462629 -0.44132271 -0.10548017 -0.73379540 0.14630228 -0.44743225
0.73583674 -0.88951117 -0.60961342 -0.74907172 -1.45969820 -0.61631477
1.19570982 -1.04769540 0.19102699 -0.39493921 -2.12812805 -0.93185830
0.88684583 -0.78600800 0.86012411 -0.29217133 -2.44907570 -0.44002512
1.06805706 -1.00961399 0.64680940 -0.45882186 -0.16959083 -0.78964156
0.98751855 -0.90415788 -0.63876665 0.09529162 -0.86455560 -0.18818282
-0.07961220 -0.83678317 0.02464180 -1.01987910 -0.54866248 -0.21040426
0.48415491 -0.82897162 -0.98860270 -1.23374736 -2.07126713 -1.14814639
0.57476050 -1.00863755 -0.76320034 -0.92822117 -2.72832513 -1.02370667
0.57798183 -1.04769540 -1.07179511 -1.19763970 -3.12319160 -0.58816767
0.62509686 -1.14241052 -1.15427685 -1.26707745 -2.35999346 -0.95259827
0.62509686 -1.14241052 -1.18982947 -1.14625573 -2.43896675 -1.13185072
0.12857908 -0.71472746 -1.66409874 -0.35466525 -0.66427946 -0.80593723
-0.46216884 -0.88658190 -0.39914301 -0.47132066 -0.04828792 -0.93333972
-0.49237022 -0.89244056 -0.66294229 -1.03237772 1.46673560 -1.11259222
0.09837696 -0.86900586 -1.04833055 -1.01710153 1.33595598 -1.20740342
-0.49237022 -0.86900580 -1.11872470 -0.90600109 0.38322213 -0.87111986
-0.58297580 -1.14241052 -0.13534409 -1.15736580 -0.94352889 -0.82519573
-0.58297580 -1.14241052 -0.17089665 -1.07265174 -0.80137706 -1.00592959
-0.60311007 -1.05745983 -0.06423929 -1.21291590 -0.54866248 -0.88445270
-0.67358142 -0.79284310 -0.15312037 -1.15319943 -1.05914581 -1.14222074
-0.58297580 -1.14241052 -0.33088255 -1.02821147 -1.82802963 -0.47261658
-0.67358142 -0.76159686 -0.18867294 -1.09764934 -0.62763578 -1.00889254
-0.71787769 -0.62294161 -0.59183711 -0.98516011 -0.83296651 -1.04444671
-1.02593601 -0.80456042 -0.61530209 -0.92683238 0.41481155 -0.88741559
1.00080776 -0.58974254 -1.08957136 0.44525775 0.76229411 -0.30669680
-0.12672727 -0.42081746 -0.82861644 0.01057740 -0.95932359 0.08143646
0.25582939 -0.62489444 1.18649518 -1.14208949 0.82547235 -0.88593411
-0.11665937 -0.56044906 1.09690344 -1.07820666 0.24107029 -0.90371126
0.09475320 -0.91489881 1.00233376 -1.33234894 -0.06976861 -1.11999929
0.81637520 -0.77917290 0.76484370 -0.79212314 -1.06988633 -0.55705780
0.71570247 -0.84850049 1.69560647 -1.09764934 -0.98585850 -0.50224513
0.36334795 -0.77136129 1.49437904 -1.06848538 0.35163268 -1.35702741
0.44388568 -0.79284310 1.99211359 -1.20736098 0.35163268 -0.98963398
0.52120286 -0.88755828 1.32799411 -0.86989343 1.08324111 -1.35110164
0.59489477 -1.05160105 1.29884088 -0.95044118 0.93603510 -0.82223296
0.46402067 -0.83385384 1.71338236 -1.02404523 0.39901653 -1.03852093
0.52442414 -0.89829922 1.83212733 -1.07820678 0.07238354 -1.12592494
0.53449130 -0.91099298 1.99211359 -1.08792806 0.41481155 -1.02666950
0.61502975 -1.10042346 2.03335404 -1.21291590 0.33583829 -1.14370215
0.54455841 -0.96469748 2.06890678 -1.21291590 -0.79632252 -0.86815709
0.32307872 -0.76843196 2.06890678 -1.33234894 0.13050757 -0.88593411
0.35005876 -0.76745552 2.03335404 -1.26291120 -0.13800140 -0.88889700
0.42053014 -0.77429068 2.06890678 -1.33234894 0.00415045 -0.86667567
0.42375144 -0.81334841 1.77239954 -1.07820666 0.07806920 -1.11999929
0.40361720 -0.73327988 1.44673908 -1.15319943 -0.45389450 -1.26962328
0.36012590 -0.78698444 1.25688899 -1.08792806 -1.97523606 -0.84149140
0.35328084 -1.01644909 1.65436518 -1.01293528 -1.12295616 -1.04296517
0.61825109 -1.04769540 1.68991780 -1.02265656 -1.25942206 -1.20592201
0.29287657 -0.78503156 1.92100847 -1.13792312 -0.34333211 -1.19407058
0.50106788 -0.86900586 1.36354673 -0.99904764 -0.58530617 -0.99852246
0.46079862 -0.80260754 1.81435144 -1.20736098 -0.31174266 -0.96741253
0.57476050 -1.00277889 1.63658929 -1.20736098 -0.50127864 -0.81778854
0.61180770 -1.09651756 1.95656097 -1.20736098 -0.58025193 -0.89778560
0.33314583 -0.92856902 1.53562021 -1.26291120 -0.83296651 -0.84000999
0.54133713 -0.94516855 1.50575626 -1.02404523 -0.42230538 -1.05333519
0.62509686 -1.14241052 1.71338236 -1.07404041 -0.76978761 -1.15407205
0.58845216 -1.00863755 1.66147590 -1.19902837 -0.29026169 -1.11259222
0.61180770 -1.09651756 1.92100847 -1.06848538 0.33583829 -1.12148082
0.62509686 -1.14241052 1.89114451 -1.26291120 -0.01164427 -1.30814028
0.62509686 -1.14241052 2.03335404 -1.26291120 -0.22771516 -0.97630113
-0.21048704 -0.76647907 -0.17089665 -0.75462681 -1.10147548 -0.76445729
-0.38163036 -0.61122429 -1.20191705 -0.08802419 -0.58025193 -1.08740795
-0.25075552 -0.88267612 -0.45531619 -0.50742835 -1.72252154 -0.32151115
0.15515667 -0.81627780 1.23342443 -0.70185405 -0.35912681 -0.63409179
0.66214406 -0.95688593 1.31661677 -1.03932154 -0.24856411 -1.04000235
0.71248043 -0.95005077 1.27466559 -1.00876904 -0.94858342 -1.24295759
0.65529901 -1.05160105 1.54130888 -1.01849020 -1.23857307 -1.08444512
0.69556749 -0.95395654 1.39909923 -1.01849020 -1.14380503 -1.02963233
0.65207696 -1.01254332 1.09121478 -1.27263248 -1.30175161 -0.86963844
0.83650947 -0.91880459 1.12676740 -1.06431913 -1.05409157 -1.17925632
0.94402802 -0.86900586 1.15023196 -1.01849020 -0.81717175 -1.21777344
1.09141338 -0.83775961 1.07343888 -1.15736580 -1.02250218 -1.36591601
1.00765359 -0.81334841 0.66458535 -1.13375688 -2.15971756 -0.73927307
-0.26082340 -0.67859894 -1.71600533 -0.05886038 0.01804964 -0.57335347
-0.21048704 -0.69715148 0.27350876 -0.28383872 -0.22202919 -0.32447404
0.67543322 -0.83971250 -0.24200146 -0.30467004 -0.86455560 0.25031906
0.77610600 -0.84068888 0.98455775 -1.27263248 -1.98092175 -0.51557791
0.86348951 -0.89244056 1.12676740 -1.13375688 -2.93365550 -1.17481208
1.08134544 -0.87584096 1.07343888 -1.14347827 -1.55952036 -0.91111839
0.94724929 -0.87779385 1.06135082 -1.14764452 -1.58605528 -0.84889853
0.92389375 -0.86900586 1.09121478 -1.27263248 -1.34344983 -1.01778102
0.93033636 -0.83580667 0.40363073 -1.07265174 -0.85444689 -0.90074837
-0.05263213 -0.77624351 0.37447748 -0.89905733 -0.62763578 -1.00296676
0.09153114 -0.70789236 -1.00637865 -0.15607324 -1.35418999 0.09032489
-0.29787058 -0.73718578 -1.30288577 -0.37549657 -0.53792232 -0.49631935
0.08468608 -1.00570822 0.25004417 -0.47548696 -1.75979662 -0.26077268
1.20899904 -1.09358835 1.09121478 -1.15319943 -0.52212757 -0.71260750
1.22913325 -1.14241052 1.08552611 -1.14764452 -0.56445724 -0.87556416
1.22913325 -1.14241052 1.19787180 -1.15319943 -0.37492123 -0.95259827
1.22913325 -1.14241052 1.02010965 -1.27263248 -0.00595830 -1.23703194
1.22913325 -1.14241052 1.00233376 -1.33234894 0.01994516 -1.44146860
1.22913325 -1.14241052 1.05566227 -1.20319474 0.05658882 -1.03703952
1.22913325 -1.14241052 1.00233376 -1.33234894 -0.07482283 -1.08592653
1.21584404 -1.09651756 -0.14103274 -0.43382436 -0.10641226 -0.09929739
0.44388568 -0.57021362 -1.14858854 -0.41993681 0.04079410 -0.66520178
0.59167349 -0.86802936 -1.30857444 -0.34911022 0.18863191 -0.44743216
-0.16015068 -0.77819639 -0.04077468 0.40915006 -0.04828792 -0.49780077
0.53126997 -0.79089022 0.00686551 -0.50881708 -0.64343047 -0.11855593
0.78939515 -0.92173386 1.77239954 -1.14764452 -2.53878927 -0.64594322
0.97745144 -0.86998224 1.51215565 -1.14764452 -2.73401117 -1.05333519
1.00765359 -0.83483028 1.37563396 -1.15319943 -2.29681492 -0.96593112
1.01772070 -0.89341700 1.42896318 -1.14347827 -1.85456455 -1.07851934
1.19570982 -1.04769540 1.36354673 -1.01849020 -2.04915476 -1.09777796
0.89691293 -0.90611076 1.28675294 -1.03793275 -2.53878927 -0.62964761
1.02778780 -1.01937842 1.07343888 -1.14347827 -2.82246113 -0.77779007
1.22913325 -1.14241052 1.18009591 -1.16430950 -3.13898587 -1.15851641
1.22913325 -1.14241052 1.03788626 -1.21291590 -2.62787080 -0.57927907
0.89328915 -0.89732277 1.45882714 -1.03932154 -1.78064585 -0.97630113
1.00765359 -0.99594378 0.91345263 -1.20319474 -1.36998475 -0.91704410
1.21906614 -1.10042346 0.81248355 -1.14764452 -0.72240376 -1.14073920
1.15181684 -0.96665037 1.07343888 -1.14347827 -2.02767420 -0.73927295
0.41368431 -0.69031632 1.02010965 -0.98377138 -1.38577938 -0.11559312
1.22591197 -0.82897162 -1.53397679 -0.90322363 -0.31679720 -0.77038294
0.68550038 -0.73523283 0.87790006 -0.94627500 -1.58036971 0.05032666
0.94040424 -0.87486452 0.86012411 -1.33234894 -1.36998475 -0.99407816
0.90698081 -0.87291157 1.69560647 -0.98516011 -1.72252154 -0.87408280
0.97745144 -0.83483028 1.98571432 -1.19763970 -1.57026088 -1.02963233
1.14859474 -0.99887311 1.55908477 -1.00876904 -1.11727011 -1.19555211
1.22913325 -1.14241052 1.07343888 -1.14347827 -0.69081432 -0.77927154
1.22913325 -1.14241052 1.14454329 -1.07404041 -0.80137706 -1.12592506
1.22913325 -1.14241052 1.13885462 -1.06848538 -0.96437812 -1.05037236
1.22913325 -1.14241052 1.31661677 -1.13792324 -0.84876090 -1.28295612
1.22913325 -1.14241052 1.19787180 -1.08376181 -1.05409157 -1.16444206
1.22913325 -1.14241052 1.18649518 -1.07265174 -1.14885962 -1.09629655
1.17557561 -0.99887311 1.07343888 -1.14347827 -1.03829694 -1.14518356
1.22913325 -1.14241052 0.94900519 -1.20319474 -0.68007416 -1.03259528
1.27624834 -1.04769540 1.44105053 -1.07820666 -0.91699398 -1.26221609
1.22913325 -1.14241052 1.32301676 -1.07404041 -0.69081432 -0.95111686
1.22913325 -1.14241052 1.14454329 -1.19347334 -0.42735961 -1.00296664
1.19893110 -1.05160105 1.35785806 -0.97543877 -0.70660907 -0.98667103
1.23920035 -1.10042346 1.85559201 -1.19347334 -0.84876090 -0.68742323
1.18886399 -1.00961399 1.76671088 -1.13375688 -0.54866248 -0.84000999
1.20899904 -1.05843627 1.35785806 -1.09348309 -1.74905646 -1.24888337
1.07450044 -0.90415788 1.18578458 -0.98932636 -1.35418999 -0.94222832
1.07812417 -0.90513426 1.87336862 -1.08376181 -1.74400187 -0.66372043
1.19893110 -1.05160105 1.47020376 -1.08653927 -1.83813810 -1.12444353
1.20899904 -1.05843627 1.38772202 -1.08792806 -1.78570008 -0.81778854
1.22913325 -1.14241052 1.83781600 -1.27263248 -1.32765508 -1.02518809
1.19570982 -1.04769540 2.06890678 -1.33234894 -1.24362731 -0.98370826
1.22913325 -1.14241052 1.95656097 -1.11986935 -1.41231430 -1.01629949
1.16188395 -0.99887311 1.59463739 -1.07820678 -3.13898587 -1.11999941
1.18886399 -1.04476595 1.89114451 -1.21291590 -1.93859243 -1.15851641
1.22913325 -1.14241052 1.50006759 -1.10320425 -3.07075310 -0.93926543
1.13127935 -0.90220499 1.93025243 -1.21708226 -2.09148431 -0.90519267
1.17879689 -1.00277889 1.76102221 -1.14764452 -2.60196781 -1.03852093
1.12846053 -0.90415788 1.87336862 -1.20319474 -1.87541354 -0.82964009
1.16872978 -0.96079171 1.73115838 -1.20319474 -1.61195874 -1.20295918
1.22913325 -1.14241052 1.52353227 -1.00876904 -1.75411093 -0.92593259
0.93718219 -0.88267612 1.69560647 -1.20319474 -1.61701298 -0.92593259
-0.28095764 -0.79479599 -0.98860270 -0.57964361 0.42555144 0.03847523
0.60496265 -0.87974674 0.23795654 -0.44076803 0.30930337 -0.72742164
0.69234622 -0.82506579 -0.31879491 0.25360951 0.30424884 0.12736084
0.74590385 -0.89536983 0.37447748 -0.15468459 -0.02743899 -0.30225259
0.70885664 -0.96665037 1.03788626 -1.11431432 -2.01756573 -0.13337018
1.22913325 -1.14241052 1.07343888 -1.15736580 -0.39071596 -0.90222985
1.22913325 -1.14241052 0.09574660 -1.27263248 -0.31742862 -1.09925938
1.22913325 -1.14241052 0.35670152 -0.99904764 0.38322213 -1.07851946
1.25933540 -1.05160105 0.66458535 -1.02821147 -0.01669879 -1.00741100
1.22913325 -1.14241052 1.05566227 -1.20319474 -0.58530617 -1.43554282
1.30967176 -0.96079171 0.79470766 -1.20736098 0.24107029 -1.09777796
1.27946961 -0.96762681 0.79470766 -1.08792806 0.43060598 -0.87556410
1.26940250 -1.00961399 0.66458535 -1.10459316 -0.24856411 -0.71260738
1.27946961 -1.05160105 0.65249801 -1.10875940 -0.53286779 -0.87111986
1.38014233 -0.76940840 0.43349466 -1.00460267 -0.65922523 -0.75408727
-0.23062128 -0.75964397 -0.07632691 -0.77406931 -0.42230538 -0.86371273
0.04119477 -0.81823069 0.64112073 -0.84072953 -1.48054719 -0.06522461
0.99758565 -0.84068888 0.73569047 -1.10459316 -1.47549295 -1.00444818
1.19893110 -1.06136560 1.07343888 -1.19347334 -1.15391386 -1.05777943
1.22913325 -1.14241052 1.22773576 -1.14764452 -0.86455560 -1.05926096
1.32980597 -0.90122855 -0.48518011 -0.93099868 -0.12726121 -0.96444970
0.68550038 -0.99399090 -0.45531619 -1.06293046 -0.31174266 -1.03407669
1.06805706 -1.04476595 0.29128504 -1.09348309 -0.16959083 -0.78223437
1.19893110 -1.05160105 1.09761405 -1.20180595 -0.94352889 -1.29628897
1.16872978 -1.00180233 0.57570422 -1.15736580 -0.66427946 -0.97778243
1.12846053 -0.89829922 0.34461355 -1.08376181 -0.03249321 -1.24295759
1.09906328 -0.93052191 0.02464180 -1.27263248 -0.12220698 -0.90222985
0.92026925 -0.76647907 -0.19436125 -1.14764452 -0.64343047 -0.40298945
1.19893110 -1.05160105 -0.11756780 -1.14764452 0.58855253 -1.09333372
1.21906614 -1.10042346 0.73569047 -1.01293528 0.28845412 -0.95111686
1.25248957 -1.05453038 0.46264789 -0.95877379 0.06164305 -1.00296664
1.17879689 -1.00277889 0.96678114 -1.26291120 0.20948085 -1.24592054
1.10027230 -0.94126284 1.00233376 -1.33234894 0.15704247 -1.11407351
1.21584404 -1.09651756 1.00233376 -1.33234894 0.17283720 -1.08444512
1.22913325 -1.14241052 0.98455775 -1.27263248 0.11471286 -0.99852246
1.22913325 -1.14241052 0.55792832 -1.20319474 0.17789172 -1.12888789
1.22913325 -1.14241052 0.62903345 -1.27263248 0.34657818 -1.06222379
1.22913325 -1.14241052 0.02464180 -1.10320425 0.36742771 -0.98815256
0.99436438 -0.83678317 0.77124304 -1.20319474 0.17789172 -1.06814945
1.22913325 -1.14241052 0.84234750 -0.81989825 -0.01164427 -0.77334583
0.85342240 -0.74792665 -0.31310624 -1.03793287 -0.13800140 -0.03115182
-0.27089053 -0.79772526 1.04997361 -0.79212314 -0.48042941 -0.34225118
0.15193538 -0.82506579 -0.54419726 -0.30605885 -1.54372597 -0.14077738
-0.03934295 -0.75280887 0.10214591 -0.59214246 -0.62763578 -0.14670309
-0.28740099 -0.93540412 -1.78853238 -0.43104678 -1.11727011 0.43549702
0.23247311 -0.91880453 -0.19436125 -0.20467971 -1.27016222 -0.65779459
1.14859474 -0.98910868 0.97886914 -1.26707745 0.27771395 -0.88889700
1.17557561 -1.09651756 0.96678114 -1.21291590 0.41481155 -1.11851788
0.70563537 -0.90220499 0.45127127 -1.07265174 -0.37492123 -1.00889242
0.32630000 -0.96665037 0.34461355 -1.20319474 -0.69081432 -0.82815856
0.62509686 -0.96079171 0.14907545 -1.15736580 -0.34333211 -1.11555505
0.42053014 -0.77721995 0.69444925 -1.07820678 -0.51138741 -0.74371737
0.06455107 -1.00570822 0.53446370 -0.94349742 -0.83802074 -0.76297593
0.13180038 -0.86607653 0.36239019 -0.89905733 -1.40157390 -0.35410252
0.58482766 -0.93540412 0.84234750 -0.90738982 -0.65922523 -0.71112609
0.80308604 -0.79870176 0.87221140 -1.02265656 -0.15885064 -1.10222220
0.03112765 -0.70105720 -0.13534409 -0.70324278 -2.20710135 -0.77482730
0.90375876 -0.82799512 0.42140734 -1.00876904 -0.14368735 -1.11555505
0.95731717 -0.91489881 1.09121478 -1.09764934 -0.53286779 -0.90222985
1.19893110 -1.05160105 1.20995975 -1.10875940 -0.01733023 -1.30665898
1.19893110 -0.97739124 1.50575626 -1.06848538 0.09891845 -1.24443913
1.24926746 -1.09358835 1.53562021 -0.98932636 0.57275814 -0.98370826
1.22913325 -1.14241052 1.36994600 -1.09209430 0.56264907 -1.21777344
1.22913325 -1.14241052 1.38203335 -0.96155125 0.13050757 -1.25184619
1.25933540 -1.01644909 1.43465114 -1.13792312 -0.12220698 -1.22369909
1.14859474 -1.00473177 0.81888288 -0.41021550 -0.84370667 -0.39113820
-0.02122183 -0.60634208 -1.52757752 -0.26022995 -0.64785296 -0.09485308
0.64523113 -0.72839773 -0.08770388 -0.29494879 -0.41156518 0.07106652
0.95731717 -0.88462895 -0.63876665 0.11195647 -1.16970849 -0.04004044
1.27946961 -0.96372110 -1.87172484 -0.74212795 0.52537429 -0.72742164
1.41034448 -0.87291157 0.25075516 -0.95044118 -0.04639271 -0.60150045
1.51786220 -0.85533565 0.60556817 -0.67407900 -0.03817917 -1.03703952
1.52793014 -0.88267612 0.70582652 -0.90183479 -0.28015354 -0.82075143
1.38698816 -0.90806365 1.16231990 -0.87683719 -0.65353924 -0.92296982
1.36322939 -0.88560539 0.70013791 -0.40466037 -2.32271838 0.10810212
1.21906614 -1.10042346 -1.33843839 -0.22412220 -0.64848500 -0.54816926
1.31651676 -0.95590949 1.20356047 -0.97821629 0.63593638 -0.97926396
1.24926746 -1.09358835 1.12676740 -1.21708226 1.14136553 -1.13777637
1.31973886 -0.67371672 -0.25977772 -0.12135430 0.66247129 0.70215368
